% Subset of file: L1B.cal_prop.2003.01.10.v9.5.0.anc
%
% 1. Channel ID {AIRS PGE ID}
% 2. Frequency {wavenumbers}
% 3. Spectral Quality code:
%       1 = good
%       2 = OK but some problems
%       3 = poor
%       4 = useless
% 4. AB weight code:
%       0 = A and B equally weighted
%       1 = A-side only
%       2 = B-side only
% 5. NEdT250 {Kelvin}
%
%--- -------- - - ------
   1  649.620 1 0 0.6246
   2  649.858 1 0 0.6690
   3  650.097 1 0 0.6687
   4  650.335 1 0 0.6247
   5  650.574 1 0 0.5906
   6  650.814 1 0 0.6332
   7  651.053 1 0 0.6657
   8  651.293 1 0 0.6794
   9  651.532 1 0 0.6483
  10  651.772 1 0 0.6269
  11  652.012 1 0 0.6596
  12  652.253 2 0 0.6224
  13  652.493 2 0 0.5971
  14  652.734 1 0 0.6056
  15  652.975 1 0 0.6203
  16  653.216 1 0 0.6557
  17  653.457 1 0 0.6107
  18  653.699 1 0 0.6026
  19  653.940 1 0 0.5919
  20  654.182 1 0 0.5698
  21  654.424 1 0 0.6130
  22  654.666 1 0 0.5962
  23  654.909 1 0 0.6123
  24  655.151 1 0 0.5703
  25  655.394 1 0 0.5470
  26  655.637 1 0 0.6046
  27  655.880 1 0 0.5674
  28  656.124 1 0 0.5540
  29  656.367 1 0 0.5398
  30  656.611 1 0 0.5326
  31  656.855 1 0 0.5639
  32  657.099 1 0 0.5222
  33  657.343 1 0 0.5042
  34  657.588 1 0 0.5134
  35  657.833 1 0 0.5259
  36  658.078 1 0 0.5095
  37  658.323 1 0 0.4970
  38  658.568 1 0 0.5203
  39  658.813 1 0 0.4887
  40  659.059 1 0 0.4946
  41  659.305 1 0 0.4899
  42  659.551 1 0 0.4695
  43  659.797 1 0 0.4812
  44  660.044 1 0 0.5010
  45  660.291 1 0 0.4680
  46  660.537 1 0 0.4577
  47  660.784 1 0 0.4837
  48  661.032 2 0 0.4367
  49  661.279 2 0 0.4367
  50  661.527 1 0 0.4978
  51  661.775 1 0 0.4693
  52  662.023 1 0 0.4671
  53  662.271 1 0 0.4559
  54  662.519 1 0 0.4694
  55  662.768 1 0 0.4588
  56  663.017 1 0 0.4524
  57  663.266 1 0 0.4373
  58  663.515 1 0 0.4592
  59  663.765 1 0 0.4448
  60  664.014 1 0 0.4629
  61  664.264 1 0 0.4477
  62  664.514 1 0 0.4356
  63  664.764 1 0 0.4404
  64  665.015 1 0 0.4276
  65  665.265 1 0 0.4280
  66  665.516 1 0 0.4169
  67  665.767 1 0 0.4294
  68  666.018 1 0 0.4429
  69  666.270 1 0 0.4326
  70  666.521 1 0 0.3881
  71  666.773 1 0 0.4193
  72  667.025 1 0 0.4123
  73  667.277 1 0 0.4190
  74  667.530 1 0 0.4120
  75  667.782 1 0 0.4128
  76  668.035 1 0 0.4058
  77  668.288 1 0 0.4042
  78  668.541 1 0 0.4061
  79  668.795 1 0 0.4197
  80  669.049 1 0 0.4112
  81  669.302 1 0 0.4091
  82  669.556 1 0 0.3874
  83  669.811 1 0 0.3993
  84  670.065 1 0 0.4845
  85  670.320 1 0 0.4252
  86  670.575 1 0 0.4148
  87  670.830 1 0 0.3837
  88  671.085 1 0 0.4165
  89  671.340 1 0 0.3894
  90  671.596 1 0 0.3957
  91  671.852 1 0 0.4143
  92  672.108 1 0 0.4072
  93  672.364 1 0 0.4097
  94  672.621 1 0 0.4378
  95  672.878 1 0 0.4266
  96  673.134 1 0 0.3817
  97  673.392 1 0 0.3854
  98  673.649 1 0 0.4083
  99  673.906 1 0 0.4005
 100  674.164 1 0 0.4081
 101  674.422 1 0 0.4178
 102  674.680 1 0 0.4327
 103  674.939 1 0 0.4104
 104  675.197 1 0 0.4209
 105  675.456 1 0 0.4456
 106  675.715 1 0 0.3982
 107  675.974 1 0 0.4436
 108  676.233 1 0 0.4164
 109  676.493 1 0 0.4081
 110  676.753 1 0 0.4352
 111  677.013 1 0 0.4362
 112  677.273 1 0 0.4004
 113  677.533 1 0 0.3899
 114  677.794 1 0 0.4297
 115  678.055 1 0 0.4101
 116  678.316 1 0 0.4241
 117  678.577 1 0 0.4399
 118  678.839 1 0 0.3991
 119  679.100 1 0 0.4209
 120  679.362 1 0 0.4453
 121  679.625 2 0 0.3146
 122  679.887 2 0 0.3161
 123  680.149 1 0 0.3944
 124  680.412 1 0 0.4223
 125  680.675 1 0 0.4112
 126  680.938 1 0 0.4084
 127  681.202 1 0 0.4196
 128  681.465 1 0 0.4281
 129  681.729 1 0 0.4194
 130  681.993 1 0 0.3799
 131  687.601 1 0 0.3434
 132  687.871 2 0 0.2086
 133  688.140 2 0 0.2064
 134  688.410 2 0 0.2075
 135  688.680 1 0 0.3417
 136  688.950 1 0 0.3306
 137  689.220 1 0 0.3376
 138  689.491 1 0 0.3402
 139  689.762 1 0 0.3434
 140  690.033 1 0 0.3417
 141  690.304 1 0 0.3515
 142  690.575 1 0 0.3340
 143  690.847 1 0 0.3150
 144  691.119 1 0 0.3095
 145  691.391 1 0 0.3526
 146  691.664 1 0 0.3286
 147  691.936 1 0 0.3488
 148  692.209 1 0 0.3300
 149  692.482 1 0 0.3339
 150  692.755 1 0 0.3566
 151  693.029 1 0 0.3586
 152  693.302 1 0 0.3263
 153  693.576 1 0 0.3350
 154  693.850 1 0 0.3242
 155  694.125 1 0 0.3191
 156  694.399 1 0 0.3085
 157  694.674 1 0 0.3231
 158  694.949 1 0 0.3139
 159  695.225 1 0 0.3000
 160  695.500 1 0 0.3169
 161  695.776 1 0 0.2958
 162  696.052 1 0 0.3212
 163  696.328 1 0 0.3187
 164  696.604 1 0 0.3162
 165  696.881 1 0 0.3090
 166  697.158 1 0 0.2949
 167  697.435 1 0 0.2953
 168  697.712 1 0 0.3110
 169  697.990 1 0 0.2757
 170  698.267 1 0 0.2777
 171  698.545 1 0 0.2895
 172  698.823 1 0 0.2754
 173  699.102 1 0 0.2709
 174  699.381 1 0 0.2902
 175  699.659 1 0 0.2835
 176  699.939 1 0 0.2823
 177  700.218 1 0 0.2834
 178  700.497 1 0 0.2713
 179  700.777 1 0 0.2782
 180  701.057 1 0 0.2736
 181  701.338 1 0 0.2725
 182  701.618 1 0 0.2840
 183  701.899 1 0 0.2734
 184  702.180 1 0 0.2708
 185  702.461 1 0 0.2841
 186  702.742 1 0 0.2859
 187  703.024 1 0 0.2769
 188  703.306 1 0 0.2819
 189  703.588 1 0 0.2713
 190  703.870 1 0 0.2752
 191  704.153 1 0 0.2645
 192  704.436 1 0 0.2790
 193  704.719 1 0 0.2652
 194  705.002 1 0 0.2757
 195  705.285 1 0 0.2605
 196  705.569 1 0 0.2525
 197  705.853 1 0 0.2515
 198  706.137 1 0 0.2484
 199  706.422 1 0 0.2588
 200  706.706 1 0 0.2700
 201  706.991 1 0 0.2538
 202  707.276 1 0 0.2578
 203  707.562 1 0 0.2712
 204  707.847 1 0 0.2587
 205  708.133 1 0 0.2556
 206  708.419 1 0 0.2458
 207  708.706 1 0 0.2860
 208  708.992 1 0 0.2993
 209  709.279 1 0 0.3092
 210  709.566 1 0 0.2923
 211  709.853 1 0 0.2499
 212  710.141 1 0 0.2421
 213  710.428 1 0 0.2537
 214  710.716 1 0 0.2445
 215  711.005 1 0 0.2520
 216  711.293 1 0 0.2601
 217  711.582 1 0 0.2666
 218  711.871 1 0 0.2457
 219  712.160 1 0 0.2534
 220  712.449 1 0 0.2502
 221  712.739 1 0 0.2550
 222  713.029 1 0 0.2399
 223  713.319 1 0 0.2361
 224  713.609 1 0 0.2393
 225  713.900 1 0 0.2437
 226  714.191 1 0 0.2315
 227  714.482 1 0 0.2343
 228  714.773 1 0 0.2427
 229  715.065 1 0 0.2433
 230  715.356 1 0 0.2448
 231  715.648 1 0 0.2388
 232  715.941 1 0 0.2550
 233  716.233 1 0 0.2332
 234  716.526 1 0 0.2427
 235  716.819 1 0 0.2440
 236  717.112 1 0 0.2385
 237  717.406 1 0 0.2369
 238  717.700 4 0 9.9999
 239  717.994 1 0 0.2352
 240  718.288 1 0 0.2500
 241  718.582 1 0 0.2237
 242  718.877 1 0 0.2472
 243  719.172 1 0 0.2387
 244  719.467 1 0 0.2563
 245  719.763 1 0 0.2448
 246  720.058 1 0 0.2395
 247  720.354 1 0 0.2501
 248  720.651 1 0 0.2510
 249  720.947 1 0 0.2364
 250  721.244 1 0 0.2447
 251  721.541 1 0 0.2520
 252  721.838 1 0 0.2498
 253  722.135 1 0 0.2372
 254  722.433 1 0 0.2353
 255  722.731 1 0 0.2411
 256  723.029 1 0 0.2398
 257  723.328 1 0 0.2366
 258  723.626 1 0 0.2421
 259  723.925 1 0 0.2569
 260  724.224 1 0 0.2424
 261  724.524 1 0 0.2388
 262  724.823 1 0 0.2396
 263  725.123 1 0 0.2656
 264  725.424 1 0 0.2579
 265  725.724 1 0 0.2408
 266  726.025 1 0 0.2732
 267  726.326 1 0 0.2593
 268  726.627 1 0 0.2555
 269  726.928 1 0 0.2724
 270  727.230 1 0 0.2851
 271  727.532 1 0 0.2939
 272  727.834 1 0 0.2735
 273  728.137 1 0 0.2995
 274  728.439 1 0 0.2600
 275  728.055 1 0 0.2375
 276  728.357 1 1 4.5349
 277  728.660 1 2 0.3697
 278  728.963 1 2 0.3497
 279  729.266 1 0 0.2374
 280  729.569 1 2 0.3617
 281  729.873 1 2 0.3531
 282  730.177 1 0 0.2444
 283  730.481 1 0 0.2510
 284  730.785 1 1 0.3416
 285  731.090 1 1 0.3384
 286  731.395 1 0 0.2466
 287  731.700 1 1 0.4076
 288  732.005 2 0 0.5186
 289  732.311 1 1 0.3446
 290  732.617 1 1 0.4405
 291  732.923 2 1 0.8476
 292  733.229 1 2 2.8319
 293  733.536 1 0 0.2825
 294  733.843 1 1 0.3288
 295  734.150 1 0 0.2656
 296  734.458 1 2 0.3619
 297  734.765 1 0 0.2386
 298  735.073 1 0 0.2551
 299  735.381 1 0 0.2345
 300  735.690 1 0 0.2342
 301  735.999 1 1 0.3414
 302  736.308 1 0 0.3304
 303  736.617 1 2 0.3574
 304  736.926 1 1 0.3479
 305  737.236 1 2 0.4073
 306  737.546 1 2 0.3450
 307  737.856 1 2 0.3447
 308  738.167 1 0 0.2860
 309  738.477 1 2 0.3571
 310  738.788 1 2 0.3892
 311  739.100 1 1 0.3369
 312  739.411 1 0 0.2582
 313  739.723 1 1 0.3430
 314  740.035 1 1 0.3372
 315  740.347 1 2 0.3470
 316  740.660 1 0 0.2606
 317  740.973 1 0 0.3441
 318  741.286 1 2 0.4404
 319  741.599 1 2 0.3818
 320  741.913 1 2 0.3655
 321  742.227 1 1 0.4623
 322  742.541 1 1 0.3268
 323  742.855 1 0 0.2516
 324  743.170 2 1 0.8482
 325  743.485 1 1 0.3272
 326  743.800 1 1 1.1012
 327  744.116 1 2 0.3600
 328  744.431 1 0 0.3040
 329  744.747 1 1 0.3662
 330  745.064 1 1 0.3823
 331  745.380 1 1 0.3335
 332  745.697 1 2 0.3556
 333  746.014 1 0 0.2520
 334  746.331 1 0 0.2296
 335  746.649 1 2 0.3840
 336  746.967 1 1 0.3245
 337  747.285 1 0 0.2513
 338  747.603 1 2 0.4764
 339  747.922 1 2 0.3627
 340  748.241 1 1 0.3942
 341  748.560 1 2 0.7920
 342  748.879 1 1 0.3817
 343  749.199 1 2 0.3799
 344  749.519 1 0 0.2618
 345  749.839 1 0 0.2705
 346  750.160 2 1 0.9007
 347  750.481 1 2 0.3621
 348  750.802 1 2 0.3665
 349  751.123 1 1 0.4031
 350  751.445 2 2 3.0048
 351  751.767 1 2 0.4046
 352  752.089 1 2 0.3229
 353  752.411 1 1 0.5453
 354  752.734 1 2 0.3372
 355  753.057 1 0 0.2851
 356  753.380 1 1 0.3937
 357  753.703 1 0 0.2233
 358  754.027 1 2 0.3764
 359  754.351 1 2 0.3195
 360  754.676 1 1 0.3018
 361  755.000 1 1 0.6266
 362  755.325 1 0 0.2497
 363  755.650 1 1 0.3918
 364  755.976 1 0 0.2482
 365  756.301 1 2 0.3828
 366  756.627 1 1 0.3056
 367  756.954 1 2 0.3512
 368  757.280 1 2 0.4543
 369  757.607 1 0 0.2200
 370  757.934 1 2 1.1227
 371  758.261 1 1 0.3093
 372  758.589 1 1 0.2998
 373  758.917 1 0 0.2237
 374  759.245 1 1 9.9999
 375  759.573 1 0 0.2477
 376  759.902 1 2 0.3240
 377  760.231 1 2 0.6351
 378  760.561 1 2 0.3109
 379  760.890 1 2 0.3506
 380  761.220 1 0 0.3113
 381  761.550 2 2 0.6429
 382  761.881 1 1 0.3262
 383  762.211 1 0 0.2305
 384  762.542 1 0 0.3196
 385  762.873 1 0 0.2408
 386  763.205 1 1 0.2985
 387  763.537 1 0 0.2097
 388  763.869 1 2 0.3687
 389  764.201 1 0 0.2147
 390  764.534 1 1 0.2993
 391  764.867 2 2 1.9712
 392  765.200 1 1 0.4208
 393  765.534 1 0 0.2269
 394  765.867 1 0 0.2161
 395  766.201 1 0 0.2432
 396  766.536 1 1 0.4932
 397  766.870 1 0 0.2418
 398  767.205 2 1 0.3369
 399  767.541 1 1 0.3129
 400  767.876 1 2 0.3396
 401  768.212 1 1 3.9730
 402  768.548 2 0 1.8838
 403  768.884 1 2 0.4231
 404  769.221 2 1 1.4520
 405  769.558 1 1 0.3973
 406  769.895 1 0 0.2396
 407  770.233 1 1 0.3246
 408  770.570 1 2 0.3851
 409  770.909 1 2 0.3718
 410  771.247 1 2 0.3564
 411  771.586 1 0 0.4787
 412  771.925 2 2 0.9957
 413  772.264 1 2 0.3492
 414  772.603 1 1 0.3691
 415  772.943 1 2 0.8406
 416  773.283 1 1 0.3371
 417  773.624 1 2 0.3773
 418  773.964 1 0 0.2517
 419  774.305 1 0 0.2652
 420  774.647 1 1 0.3937
 421  774.988 1 2 0.5745
 422  775.330 1 1 0.3608
 423  775.672 1 1 0.3095
 424  776.015 1 2 0.3896
 425  776.357 1 0 0.2794
 426  776.700 1 1 0.4153
 427  777.044 1 1 0.3996
 428  777.387 2 1 0.6528
 429  777.731 1 1 0.3967
 430  778.076 1 2 0.3991
 431  778.420 1 1 0.3712
 432  778.765 1 2 1.9166
 433  779.110 1 2 0.3619
 434  779.455 1 0 0.3014
 435  779.801 1 2 0.3620
 436  780.147 1 1 0.4560
 437  780.493 1 0 0.2635
 438  780.840 1 0 0.2261
 439  781.187 1 0 0.2498
 440  781.534 1 1 0.9876
 441  781.882 1 1 0.3275
 442  789.263 1 2 3.5573
 443  789.616 1 0 0.3103
 444  789.971 1 1 0.4064
 445  790.325 1 0 0.2496
 446  790.680 1 1 0.3873
 447  791.035 1 1 0.4771
 448  791.390 1 2 0.9475
 449  791.745 1 0 0.2571
 450  792.101 1 1 0.3637
 451  792.457 2 0 0.2843
 452  792.814 1 2 0.4206
 453  793.171 1 1 0.3327
 454  793.528 1 2 1.0997
 455  793.885 1 2 0.3887
 456  794.243 1 2 0.3996
 457  794.601 1 2 0.3961
 458  794.959 1 2 0.7605
 459  795.318 1 1 0.3658
 460  795.677 1 2 0.4384
 461  796.036 1 0 2.2092
 462  796.396 1 2 0.3871
 463  796.756 2 2 1.1874
 464  797.116 2 0 0.6155
 465  797.477 1 0 0.3505
 466  797.837 1 2 0.3914
 467  798.199 1 0 0.2768
 468  798.560 2 2 0.4356
 469  798.922 1 0 0.2478
 470  799.284 1 2 0.5505
 471  799.646 1 1 0.3611
 472  800.009 1 0 0.3409
 473  800.372 1 0 0.2755
 474  800.735 2 2 1.1643
 475  801.099 1 1 0.3533
 476  801.463 1 2 0.4074
 477  801.827 2 2 0.3824
 478  802.192 1 0 0.2967
 479  802.557 1 0 0.2510
 480  802.922 1 0 0.3192
 481  803.288 1 0 0.2637
 482  803.654 1 0 0.2869
 483  804.020 1 2 0.4304
 484  804.386 1 0 0.2988
 485  804.753 1 0 0.2740
 486  805.120 1 0 0.2512
 487  805.488 2 2 1.0695
 488  805.856 1 2 2.9642
 489  806.224 1 2 0.4067
 490  806.592 3 1 0.8625
 491  806.961 2 1 0.3467
 492  807.330 1 1 0.3709
 493  807.699 1 1 0.3677
 494  808.069 4 1 9.9999
 495  808.439 3 1 4.2773
 496  808.809 1 1 0.3425
 497  809.180 1 1 0.3431
 498  809.551 1 1 0.3803
 499  809.922 2 1 0.4375
 500  810.294 2 1 1.8738
 501  810.666 1 1 0.3247
 502  811.038 2 1 0.3668
 503  811.411 1 0 0.3151
 504  811.784 1 0 0.3519
 505  812.157 1 2 0.4046
 506  812.531 1 0 0.4289
 507  812.905 2 0 0.3908
 508  813.279 1 1 0.3389
 509  813.654 1 0 0.3385
 510  814.029 1 1 0.4941
 511  814.404 1 2 0.4334
 512  814.779 1 1 3.6082
 513  815.155 1 0 0.2855
 514  815.532 1 0 0.3969
 515  815.908 1 2 0.4809
 516  816.285 1 0 0.4897
 517  816.662 1 1 0.3549
 518  817.040 1 1 0.3307
 519  817.418 1 0 0.3100
 520  817.796 1 0 0.2715
 521  818.175 1 0 0.2481
 522  818.553 1 0 0.2769
 523  818.933 1 1 0.3313
 524  819.312 1 1 0.5178
 525  819.692 2 2 2.6523
 526  820.072 1 2 0.4171
 527  820.453 1 0 0.2588
 528  820.834 1 0 0.3259
 529  821.215 1 1 0.5391
 530  821.597 1 0 0.3170
 531  821.978 2 2 1.0505
 532  822.361 1 1 0.3317
 533  822.743 1 1 0.3741
 534  823.126 1 2 0.5245
 535  823.509 1 1 0.4017
 536  823.893 1 0 0.3737
 537  824.277 2 1 1.8530
 538  824.661 1 1 0.3377
 539  825.046 1 2 0.3933
 540  825.431 1 0 0.2668
 541  825.816 1 0 0.2548
 542  826.202 1 0 0.2856
 543  826.587 1 2 0.5318
 544  826.974 1 1 0.3680
 545  827.360 1 0 0.2537
 546  827.747 1 0 0.3859
 547  828.135 1 2 0.4632
 548  828.522 1 0 0.2697
 549  828.910 1 0 0.3034
 550  829.299 1 0 0.5589
 551  829.687 1 0 0.3852
 552  830.076 1 0 0.2747
 553  830.466 1 0 0.2807
 554  830.856 1 0 0.3228
 555  831.246 1 1 0.3688
 556  831.636 1 2 0.4122
 557  832.027 1 1 0.3610
 558  832.418 1 1 0.7265
 559  832.809 1 1 0.3622
 560  833.201 1 0 0.2909
 561  833.593 1 2 2.2310
 562  833.986 1 1 0.3506
 563  834.379 1 2 0.4705
 564  834.772 1 0 0.3153
 565  835.166 1 0 0.3240
 566  835.559 1 0 0.3569
 567  835.954 1 1 0.4112
 568  836.348 1 0 0.3759
 569  836.743 1 2 0.4807
 570  837.139 1 2 0.4147
 571  837.534 1 2 0.5690
 572  837.930 1 0 0.2842
 573  838.327 1 2 0.4558
 574  838.723 1 1 0.4079
 575  839.120 1 1 0.4470
 576  839.518 1 0 0.2928
 577  839.916 1 0 0.3000
 578  840.314 1 0 1.4160
 579  840.712 1 1 0.3978
 580  841.111 1 2 0.5010
 581  841.510 1 2 1.9912
 582  841.910 2 0 1.9036
 583  842.310 1 1 1.1748
 584  842.710 1 2 0.5528
 585  843.111 1 0 0.3226
 586  843.512 1 2 0.4826
 587  843.913 1 0 0.2964
 588  844.315 1 0 0.4864
 589  844.717 1 1 0.5502
 590  845.119 1 2 0.6433
 591  845.522 1 1 0.5531
 592  845.925 1 0 0.2917
 593  846.329 1 1 0.4496
 594  846.732 1 1 0.4238
 595  847.137 1 1 0.4101
 596  847.541 1 2 1.1475
 597  847.946 1 0 0.3160
 598  848.352 2 0 0.7168
 599  848.757 1 1 0.9002
 600  849.163 1 0 0.3622
 601  849.570 1 0 0.3552
 602  849.977 1 1 0.8170
 603  850.384 4 1 3.1588
 604  850.791 2 2 0.6658
 605  851.199 1 1 0.4307
 606  851.607 1 2 0.5335
 607  852.016 1 0 0.3395
 608  852.425 4 1 0.4993
 609  851.490 1 0 0.4261
 610  851.797 2 2 0.6242
 611  852.104 2 0 0.5234
 612  852.411 2 0 0.3940
 613  852.718 1 0 0.3881
 614  853.026 1 0 0.3710
 615  853.334 2 0 0.4020
 616  853.642 1 0 0.3971
 617  853.950 1 0 0.3617
 618  854.259 1 0 0.3917
 619  854.568 1 0 0.3326
 620  854.877 2 2 0.4679
 621  855.186 1 0 0.3231
 622  855.495 4 0 9.9999
 623  855.805 2 1 0.4823
 624  856.115 2 0 0.3119
 625  856.426 1 0 0.3889
 626  856.736 1 0 0.4071
 627  857.047 1 0 0.3150
 628  857.358 1 0 0.3061
 629  857.669 2 0 0.3204
 630  857.981 2 2 0.4600
 631  858.293 2 1 0.4910
 632  858.605 1 1 0.4876
 633  858.917 1 0 0.3104
 634  859.229 1 2 0.4189
 635  859.542 1 0 0.2943
 636  859.855 3 2 1.0549
 637  860.168 1 0 0.2942
 638  860.482 1 0 0.3003
 639  860.795 1 1 0.4259
 640  861.109 1 0 0.2769
 641  861.424 1 0 0.3279
 642  861.738 1 2 0.3622
 643  862.053 1 1 0.3955
 644  862.368 1 2 0.3578
 645  862.683 1 0 0.3291
 646  862.998 1 0 0.2295
 647  863.314 1 0 0.2341
 648  863.630 1 0 0.2244
 649  863.946 1 0 0.2212
 650  864.263 1 0 0.2224
 651  864.579 1 1 0.3427
 652  864.896 1 0 0.2179
 653  865.214 1 0 0.2083
 654  865.531 1 0 0.2494
 655  865.849 1 0 0.3008
 656  866.167 1 2 0.2923
 657  866.485 1 0 0.2116
 658  866.803 1 2 0.2994
 659  867.122 1 1 0.3477
 660  867.441 1 1 0.3289
 661  867.760 1 0 0.1957
 662  868.080 1 0 0.1930
 663  868.399 1 0 0.2072
 664  868.719 1 2 1.2007
 665  869.040 1 0 0.1919
 666  869.360 1 0 0.2714
 667  869.681 1 0 0.1943
 668  870.002 1 0 0.2034
 669  870.323 1 1 0.3084
 670  870.645 1 2 0.2798
 671  870.966 1 2 0.2715
 672  871.288 1 0 0.1910
 673  871.611 1 0 0.1958
 674  871.933 1 0 0.1837
 675  872.256 1 0 0.1808
 676  872.579 1 0 0.1860
 677  872.902 1 2 0.2785
 678  873.226 1 0 0.3325
 679  873.550 1 0 0.1788
 680  873.874 1 1 0.2827
 681  874.198 4 1 9.9999
 682  874.523 2 1 0.2870
 683  874.847 1 0 0.1685
 684  875.173 1 2 0.2405
 685  875.498 1 0 0.1776
 686  875.823 1 2 0.3212
 687  876.149 1 2 0.2360
 688  876.475 2 2 4.8848
 689  876.802 1 0 0.1608
 690  877.128 1 1 0.2573
 691  877.455 1 0 0.1603
 692  877.783 1 0 0.1565
 693  878.110 1 0 0.1551
 694  878.438 1 2 0.2230
 695  878.766 1 0 0.1778
 696  879.094 1 1 0.2428
 697  879.422 1 2 0.2208
 698  879.751 1 0 0.1606
 699  880.080 1 0 0.1546
 700  880.409 1 0 0.1521
 701  880.739 1 0 0.1573
 702  881.069 1 2 0.2170
 703  881.399 1 0 0.1577
 704  881.729 1 0 0.1499
 705  882.060 1 0 0.1574
 706  882.390 1 0 0.1668
 707  882.721 1 0 0.1608
 708  883.053 1 0 0.1575
 709  883.384 1 2 0.2111
 710  883.716 1 0 0.2187
 711  884.049 1 2 0.2092
 712  884.381 1 0 0.1450
 713  884.714 1 1 0.2292
 714  885.047 1 0 0.1433
 715  885.380 1 0 0.1592
 716  885.713 1 1 0.3276
 717  886.047 1 0 0.1987
 718  886.381 1 0 0.1379
 719  886.715 1 0 0.1583
 720  887.050 1 1 0.2298
 721  887.385 1 0 0.1416
 722  887.720 1 0 0.1345
 723  888.055 1 0 0.2649
 724  888.391 1 0 0.1391
 725  888.727 1 1 0.2092
 726  889.063 1 0 0.1339
 727  889.399 1 2 0.1992
 728  889.736 1 0 0.1364
 729  890.073 1 2 0.1893
 730  890.410 1 0 0.1371
 731  890.748 1 1 0.2138
 732  891.086 1 0 0.1372
 733  891.424 1 2 0.2564
 734  891.762 1 0 0.1407
 735  892.101 1 0 0.1375
 736  892.440 4 1 4.9887
 737  892.779 1 0 0.1466
 738  893.118 1 0 0.1374
 739  893.458 1 1 0.1996
 740  893.798 1 2 0.1942
 741  894.138 1 2 0.2041
 742  894.479 1 1 9.9999
 743  894.820 1 2 0.2029
 744  895.161 1 1 0.2144
 745  895.502 1 2 0.1910
 746  895.844 1 2 0.1865
 747  896.185 1 0 1.5544
 748  896.528 1 2 0.1877
 749  896.870 3 0 2.6621
 750  897.213 2 1 0.2543
 751  897.556 1 0 0.1295
 752  897.899 1 2 0.1796
 753  898.243 3 0 2.5566
 754  898.586 1 1 0.2070
 755  898.931 1 1 9.9999
 756  899.275 1 1 0.3675
 757  899.620 1 0 0.1254
 758  899.965 1 0 0.1263
 759  900.310 1 2 0.1761
 760  900.655 1 1 0.2816
 761  901.001 1 0 0.1723
 762  901.347 3 1 0.6224
 763  901.694 1 2 0.1645
 764  902.040 1 1 0.1844
 765  902.387 1 2 0.6569
 766  902.734 1 1 0.1756
 767  903.082 1 2 0.1550
 768  903.429 1 2 0.1683
 769  903.777 1 1 0.1693
 770  911.235 1 1 0.5201
 771  911.590 1 2 0.2109
 772  911.945 1 2 0.2267
 773  912.301 2 1 0.8298
 774  912.656 1 1 0.3051
 775  913.012 1 1 0.2221
 776  913.369 1 0 0.1364
 777  913.725 1 2 0.1858
 778  914.082 1 0 0.1551
 779  914.439 1 0 0.1260
 780  914.796 1 0 0.1312
 781  915.154 1 0 0.1290
 782  915.512 1 2 0.1741
 783  915.870 4 2 9.9999
 784  916.229 1 0 0.1175
 785  916.588 1 0 0.1140
 786  916.947 1 0 0.1113
 787  917.306 1 0 0.1085
 788  917.666 1 1 0.1702
 789  918.026 1 0 0.1186
 790  918.386 2 1 0.2206
 791  918.747 1 0 0.1192
 792  919.108 1 2 0.1522
 793  919.469 1 2 0.1611
 794  919.830 1 2 0.1442
 795  920.192 1 2 0.1634
 796  920.554 1 0 0.1005
 797  920.917 1 0 0.0999
 798  921.279 1 0 0.1488
 799  921.642 1 1 0.1593
 800  922.005 1 2 1.5240
 801  922.369 1 1 0.5790
 802  922.733 1 1 0.7203
 803  923.097 2 1 1.7199
 804  923.461 1 0 0.0974
 805  923.826 1 0 0.0983
 806  924.191 2 2 1.1942
 807  924.556 1 1 0.1759
 808  924.922 1 1 0.2093
 809  925.288 1 1 0.1630
 810  925.654 1 0 0.0975
 811  926.021 1 2 0.1384
 812  926.387 1 0 0.0997
 813  926.754 1 1 0.1526
 814  927.122 1 1 0.1452
 815  927.490 1 2 0.3892
 816  927.858 1 1 0.1480
 817  928.226 2 1 0.1502
 818  928.594 1 0 0.0924
 819  928.963 1 0 0.0996
 820  929.333 1 1 0.1894
 821  929.702 1 0 0.0896
 822  930.072 1 0 0.0932
 823  930.442 1 0 0.0953
 824  930.812 1 2 0.1455
 825  931.183 1 1 0.1455
 826  931.554 3 0 3.4021
 827  931.925 1 1 0.1561
 828  932.297 1 0 1.9056
 829  932.669 1 2 0.2298
 830  933.041 1 0 0.1101
 831  933.414 2 1 0.3330
 832  933.787 3 2 9.9999
 833  934.160 1 1 0.1427
 834  934.533 1 2 9.9999
 835  934.907 1 1 0.1386
 836  935.281 1 0 0.0927
 837  935.655 2 1 9.9999
 838  936.030 1 1 0.1365
 839  936.405 1 2 0.1204
 840  936.780 1 0 0.0924
 841  937.156 1 2 0.1939
 842  937.532 1 2 1.4229
 843  937.908 1 2 0.1249
 844  938.285 1 1 0.1452
 845  938.662 1 2 0.1185
 846  939.039 1 0 0.0956
 847  939.416 1 2 0.1322
 848  939.794 1 1 0.1359
 849  940.172 1 0 2.6348
 850  940.550 1 1 0.1405
 851  940.929 1 1 0.1343
 852  941.308 1 0 0.1073
 853  941.688 1 2 0.1224
 854  942.067 1 1 0.1367
 855  942.447 1 2 0.1224
 856  942.827 1 0 0.2484
 857  943.208 1 0 0.0960
 858  943.589 1 1 0.1354
 859  943.970 2 2 0.9855
 860  944.352 1 0 0.0897
 861  944.733 1 2 0.1174
 862  945.116 1 0 0.0881
 863  945.498 1 2 0.3759
 864  945.881 1 1 0.8286
 865  946.264 1 2 0.1997
 866  946.647 1 2 0.3200
 867  947.031 4 2 1.2806
 868  947.415 1 1 0.2934
 869  947.800 1 1 0.1374
 870  948.184 1 1 0.1403
 871  948.569 1 1 0.1476
 872  948.955 1 0 0.0979
 873  949.340 1 1 0.1326
 874  949.726 1 0 0.0914
 875  950.113 3 1 9.9999
 876  950.499 3 1 2.9297
 877  950.886 1 2 0.1238
 878  951.273 2 2 3.0496
 879  951.661 1 1 2.0575
 880  952.049 2 2 0.7198
 881  952.437 1 1 0.1388
 882  952.825 1 1 0.1358
 883  953.214 1 1 0.9007
 884  953.604 1 2 0.1349
 885  953.993 3 2 2.6202
 886  954.383 1 1 0.1381
 887  954.773 2 2 3.2937
 888  955.163 1 2 0.1151
 889  955.554 2 2 8.2188
 890  955.945 1 0 0.0893
 891  956.337 1 2 1.7909
 892  956.729 2 1 2.8430
 893  957.121 1 0 0.0849
 894  957.513 3 0 1.1477
 895  957.906 1 1 0.1342
 896  958.299 1 0 0.1237
 897  958.692 1 1 0.1371
 898  959.086 1 2 0.2944
 899  959.480 3 1 2.7686
 900  959.874 1 2 0.1274
 901  960.269 1 1 0.1378
 902  960.664 1 2 0.1173
 903  961.060 1 2 0.1139
 904  961.455 1 2 0.1130
 905  961.851 1 1 0.1424
 906  962.248 2 1 3.3766
 907  962.644 3 1 4.6537
 908  963.041 1 2 0.1198
 909  963.439 1 0 0.0980
 910  963.836 1 2 0.1137
 911  964.234 1 0 0.5931
 912  964.633 2 0 6.1478
 913  965.031 1 1 0.1545
 914  965.430 1 2 0.1256
 915  965.830 3 2 1.1164
 916  966.229 1 1 0.1309
 917  966.630 1 2 0.1100
 918  967.030 1 1 0.1416
 919  967.431 1 2 0.1690
 920  967.832 2 2 0.2879
 921  968.233 1 0 0.2645
 922  968.635 2 1 2.3200
 923  969.037 1 2 0.1084
 924  969.439 1 2 0.1076
 925  969.842 1 2 0.4023
 926  970.245 1 1 0.1272
 927  970.648 1 1 0.1275
 928  971.052 1 2 0.1145
 929  971.456 1 0 0.0840
 930  971.860 1 2 0.1982
 931  972.265 1 1 0.2791
 932  972.670 1 2 0.1065
 933  973.075 1 2 0.1175
 934  973.481 1 0 1.2380
 935  973.887 1 2 0.1132
 936  974.294 1 2 0.1066
 937  973.818 3 1 1.0814
 938  974.225 1 0 0.1942
 939  974.631 2 1 0.5786
 940  975.039 2 1 0.4831
 941  975.446 1 1 0.1754
 942  975.854 3 1 1.1136
 943  976.262 2 2 1.2302
 944  976.670 1 2 0.1053
 945  977.079 2 1 0.3437
 946  977.488 1 0 0.1000
 947  977.898 4 1 9.9999
 948  978.308 1 1 0.1309
 949  978.718 2 1 0.8458
 950  979.128 1 0 0.0871
 951  979.539 1 2 0.1084
 952  979.950 2 2 1.5374
 953  980.362 1 1 0.1292
 954  980.774 2 1 9.9999
 955  981.186 1 1 0.2423
 956  981.599 1 1 3.2514
 957  982.011 1 2 0.3208
 958  982.425 1 1 0.2276
 959  982.838 1 0 0.1276
 960  983.252 1 0 0.0885
 961  983.667 1 2 0.1175
 962  984.081 4 0 9.9999
 963  984.496 1 0 0.0793
 964  984.912 1 1 0.1289
 965  985.327 4 1 9.9999
 966  985.743 1 2 0.1642
 967  986.160 1 1 0.1285
 968  986.576 1 0 0.1030
 969  986.993 1 1 0.1369
 970  987.411 2 2 0.6634
 971  987.829 1 1 0.1508
 972  988.247 1 2 0.1064
 973  988.665 1 1 0.1996
 974  989.084 3 1 3.6543
 975  989.503 4 1 9.9999
 976  989.923 1 1 0.1509
 977  990.343 1 2 0.1496
 978  990.763 1 2 0.1050
 979  991.183 2 2 0.1070
 980  991.604 1 1 0.1543
 981  992.026 4 1 9.9999
 982  992.447 1 0 0.0770
 983  992.869 1 2 0.1187
 984  993.292 1 2 0.1082
 985  993.714 1 0 0.1215
 986  994.137 1 0 0.0817
 987  994.561 1 0 0.0766
 988  994.984 1 0 0.1142
 989  995.409 1 2 0.1069
 990  995.833 4 1 9.9999
 991  996.258 1 0 0.2806
 992  996.683 1 0 0.0889
 993  997.109 1 1 0.1871
 994  997.535 1 1 0.1340
 995  997.961 1 2 0.1656
 996  998.387 1 0 0.0840
 997  998.814 1 0 0.0967
 998  999.242 1 1 0.1324
 999  999.670 1 0 0.0873
1000 1000.098 1 1 0.1443
1001 1000.526 1 0 0.0908
1002 1000.955 1 0 0.0765
1003 1001.384 1 1 0.1403
1004 1001.813 1 0 0.0744
1005 1002.243 1 0 0.0911
1006 1002.674 1 0 0.0945
1007 1003.104 2 2 0.1479
1008 1003.535 1 2 0.1010
1009 1003.966 1 2 0.1001
1010 1004.398 1 0 0.1135
1011 1004.830 1 0 0.0861
1012 1005.263 1 0 0.0976
1013 1005.695 1 0 0.0840
1014 1006.129 1 2 0.1702
1015 1006.562 1 2 0.1055
1016 1006.996 1 2 0.1852
1017 1007.430 1 2 0.1021
1018 1007.865 1 0 0.0717
1019 1008.300 1 0 0.1203
1020 1008.735 1 0 0.0879
1021 1009.171 3 1 9.4538
1022 1009.607 1 2 0.0987
1023 1010.044 1 2 0.1445
1024 1010.480 1 0 0.1077
1025 1010.918 1 0 0.0781
1026 1011.355 1 0 0.0878
1027 1011.793 1 1 0.1213
1028 1012.231 1 0 0.1067
1029 1012.670 1 0 0.0725
1030 1013.109 1 0 0.1037
1031 1013.549 1 0 0.0782
1032 1013.988 1 0 0.1013
1033 1014.429 1 2 0.1006
1034 1014.869 1 1 0.1255
1035 1015.310 1 1 9.9999
1036 1015.751 1 1 0.1287
1037 1016.193 1 1 0.1600
1038 1016.635 1 2 0.1133
1039 1017.078 1 1 0.1263
1040 1017.520 1 0 0.2770
1041 1017.964 1 0 0.1119
1042 1018.407 1 2 0.1315
1043 1018.851 1 2 0.1060
1044 1019.296 1 0 0.0771
1045 1019.740 1 1 0.1278
1046 1020.185 1 0 0.0764
1047 1020.631 1 0 0.1122
1048 1021.077 1 2 0.1034
1049 1021.523 1 1 0.2101
1050 1021.969 1 0 0.1086
1051 1022.416 1 2 0.3038
1052 1022.864 1 2 0.1099
1053 1023.312 1 2 0.1151
1054 1023.760 1 2 0.2070
1055 1024.208 1 1 0.1554
1056 1024.657 1 1 0.2054
1057 1025.106 1 1 0.1423
1058 1025.556 1 2 0.1104
1059 1026.006 1 0 0.0937
1060 1026.457 1 0 0.1119
1061 1026.907 1 0 0.1015
1062 1027.359 1 2 0.1129
1063 1027.810 2 1 0.2902
1064 1028.262 1 2 0.1137
1065 1028.715 1 1 0.1395
1066 1029.167 1 1 9.9999
1067 1029.620 1 2 0.1150
1068 1030.074 2 2 0.1169
1069 1030.528 1 0 0.0935
1070 1030.982 1 0 0.0892
1071 1031.437 1 0 0.0849
1072 1031.892 1 0 0.1138
1073 1032.347 2 0 0.0886
1074 1032.803 1 0 0.0898
1075 1033.260 1 0 0.0897
1076 1033.716 2 1 0.1477
1077 1034.173 1 0 0.1315
1078 1034.631 1 0 0.0908
1079 1035.089 1 2 0.1267
1080 1035.547 1 0 0.1223
1081 1036.005 1 0 0.1234
1082 1036.465 1 0 0.1408
1083 1036.924 1 2 0.1242
1084 1037.384 1 0 0.0912
1085 1037.844 1 2 0.1356
1086 1038.305 1 0 0.0923
1087 1038.766 1 1 0.1685
1088 1039.227 1 0 0.1475
1089 1039.689 1 1 0.1574
1090 1040.151 1 0 0.1002
1091 1040.614 2 2 0.1246
1092 1041.077 1 1 0.1538
1093 1041.540 1 1 0.2123
1094 1042.004 2 0 0.0938
1095 1042.468 1 2 0.2924
1096 1042.933 1 1 0.2505
1097 1043.398 1 0 0.1025
1098 1043.863 1 0 0.0917
1099 1044.329 1 1 0.1620
1100 1044.795 1 0 0.0928
1101 1045.262 1 2 0.1780
1102 1045.729 2 1 0.1596
1103 1046.196 1 0 0.0972
1104 1056.075 1 2 0.1441
1105 1056.551 1 2 0.2213
1106 1057.027 1 0 0.1263
1107 1057.504 1 2 0.1500
1108 1057.981 1 0 0.1253
1109 1058.459 4 1 9.9999
1110 1058.936 1 2 0.1478
1111 1059.415 1 1 0.2108
1112 1059.893 1 0 0.1343
1113 1060.372 1 0 0.1214
1114 1060.852 1 2 0.1470
1115 1061.332 1 1 0.2001
1116 1061.812 1 1 0.2127
1117 1062.293 1 0 0.1185
1118 1062.774 1 0 0.1177
1119 1063.256 1 0 0.1227
1120 1063.738 1 1 0.3703
1121 1064.220 1 0 0.1202
1122 1064.703 1 2 0.1382
1123 1065.186 1 0 0.1125
1124 1065.670 1 0 0.1427
1125 1066.154 1 2 9.9999
1126 1066.639 1 2 0.1394
1127 1067.124 1 0 0.1181
1128 1067.609 2 2 0.1338
1129 1068.095 1 0 0.1082
1130 1068.581 1 2 0.1339
1131 1069.067 1 0 0.1131
1132 1069.554 1 2 0.1377
1133 1070.042 1 0 0.1092
1134 1070.530 1 0 0.1187
1135 1071.018 1 0 0.1180
1136 1071.507 1 1 0.1811
1137 1071.996 1 0 0.1138
1138 1072.485 1 0 0.1357
1139 1072.975 1 0 0.1193
1140 1073.466 1 0 0.1261
1141 1073.957 1 0 0.1516
1142 1074.448 1 0 0.1410
1143 1074.940 1 0 0.1185
1144 1075.432 1 2 0.1547
1145 1075.924 1 0 0.1217
1146 1076.417 1 2 0.1546
1147 1076.911 1 0 0.1185
1148 1077.404 2 0 1.8888
1149 1077.899 2 2 0.2295
1150 1078.393 1 0 0.1224
1151 1078.888 1 0 0.1245
1152 1079.384 1 0 0.1239
1153 1079.880 1 0 0.1813
1154 1080.376 1 1 0.1952
1155 1080.873 1 1 0.1995
1156 1081.370 1 1 0.1953
1157 1081.868 1 1 0.2062
1158 1082.366 1 1 0.1940
1159 1082.865 1 0 0.1215
1160 1083.364 1 2 0.1585
1161 1083.863 1 0 0.1259
1162 1084.363 1 0 0.1295
1163 1084.863 1 0 0.1254
1164 1085.364 1 0 0.1318
1165 1085.865 1 2 1.0212
1166 1086.367 1 1 0.2460
1167 1086.869 2 0 0.1291
1168 1087.371 1 1 0.2112
1169 1087.874 1 2 0.1614
1170 1088.378 1 0 0.1293
1171 1088.881 1 0 0.1283
1172 1089.386 1 0 0.1290
1173 1089.890 1 0 1.0088
1174 1090.395 1 0 0.1275
1175 1090.901 1 0 0.1273
1176 1091.407 1 0 0.1402
1177 1091.913 1 0 0.1886
1178 1092.420 1 0 0.1286
1179 1092.928 1 1 0.2049
1180 1093.435 1 0 0.1288
1181 1093.944 1 2 0.1758
1182 1094.452 1 0 0.1358
1183 1094.961 1 0 0.1953
1184 1095.471 1 2 0.1698
1185 1095.981 1 2 0.2930
1186 1096.491 1 2 0.1751
1187 1097.002 1 0 0.1329
1188 1097.514 1 0 0.1333
1189 1098.025 1 0 0.1767
1190 1098.538 1 1 0.2703
1191 1099.050 1 2 0.1835
1192 1099.563 1 1 0.2704
1193 1100.077 3 0 1.3428
1194 1100.591 1 0 0.1407
1195 1101.106 1 1 0.2216
1196 1101.621 1 2 0.1899
1197 1102.136 1 0 0.1646
1198 1102.652 2 1 9.9999
1199 1103.168 1 2 0.1890
1200 1103.685 1 0 0.1887
1201 1104.202 1 0 0.1487
1202 1104.720 1 0 0.1482
1203 1105.238 3 0 2.1992
1204 1105.756 1 1 0.2341
1205 1106.276 1 0 0.2189
1206 1106.795 1 0 0.1560
1207 1107.315 1 1 0.2571
1208 1107.835 1 1 9.9999
1209 1108.356 1 1 0.2438
1210 1108.878 2 0 9.9999
1211 1109.399 1 2 0.2135
1212 1109.922 1 2 0.2250
1213 1110.444 1 0 0.1753
1214 1110.968 1 1 0.2478
1215 1111.491 1 2 0.2479
1216 1112.015 1 1 2.5261
1217 1112.540 1 0 0.1728
1218 1113.065 1 0 0.1633
1219 1113.590 1 0 0.1669
1220 1114.116 1 2 0.2284
1221 1114.643 1 0 0.1745
1222 1115.170 2 2 0.2187
1223 1115.697 1 2 0.2236
1224 1116.225 2 2 0.2281
1225 1116.753 2 1 0.2848
1226 1117.282 1 2 0.2388
1227 1117.811 1 2 0.2293
1228 1118.341 1 2 0.2499
1229 1118.871 1 2 0.2429
1230 1119.402 1 1 0.2778
1231 1119.933 1 1 0.3013
1232 1120.464 1 1 0.2807
1233 1120.996 1 1 0.2825
1234 1121.529 1 0 0.1874
1235 1122.062 1 1 0.3006
1236 1122.595 1 0 0.1950
1237 1123.129 1 2 0.2691
1238 1123.664 1 2 0.2542
1239 1124.199 1 2 0.2583
1240 1124.734 4 0 9.9999
1241 1125.270 1 2 0.2778
1242 1125.806 1 2 9.9999
1243 1126.343 1 1 0.3045
1244 1126.880 1 1 9.9999
1245 1127.418 1 2 0.5544
1246 1127.956 3 1 3.7129
1247 1128.495 1 0 0.2045
1248 1129.034 1 1 0.3119
1249 1129.574 1 2 0.2917
1250 1130.114 1 2 0.2843
1251 1130.655 1 0 0.2434
1252 1131.196 1 2 0.2861
1253 1131.738 1 0 0.2172
1254 1132.280 1 1 0.3449
1255 1132.822 1 1 9.2938
1256 1133.365 1 2 0.3065
1257 1133.909 1 0 0.2388
1258 1134.453 1 2 0.3024
1259 1134.997 1 2 0.3102
1260 1135.542 1 0 0.2501
1261 1136.088 1 0 0.2501
1262 1136.634 1 2 0.3389
1263 1216.974 1 0 0.0855
1264 1217.481 1 1 0.1368
1265 1217.988 1 0 0.0875
1266 1218.496 1 0 0.1067
1267 1219.004 1 0 0.0851
1268 1219.513 1 0 0.0904
1269 1220.022 1 0 0.0853
1270 1220.531 1 0 0.0841
1271 1221.041 1 0 0.0854
1272 1221.552 1 0 0.1217
1273 1222.063 1 1 0.1355
1274 1222.574 1 1 0.1357
1275 1223.085 1 0 0.0878
1276 1223.597 1 0 0.0875
1277 1224.110 1 2 0.0985
1278 1224.623 1 1 0.1381
1279 1225.136 1 2 0.0948
1280 1225.650 4 0 9.9999
1281 1226.164 2 0 0.0843
1282 1226.679 2 0 0.0818
1283 1227.194 2 2 0.2789
1284 1227.709 1 1 0.1297
1285 1228.225 1 0 0.0849
1286 1228.742 1 2 0.0925
1287 1229.258 2 1 0.1336
1288 1229.775 2 0 0.0812
1289 1230.293 2 0 0.0819
1290 1230.811 2 0 0.0790
1291 1231.330 2 0 0.0801
1292 1231.849 2 0 0.0809
1293 1232.368 2 0 0.0882
1294 1232.888 2 0 0.0829
1295 1233.408 2 0 0.0778
1296 1233.929 2 0 0.0775
1297 1234.450 2 1 0.1239
1298 1234.971 2 0 0.0826
1299 1235.493 2 0 0.0814
1300 1236.016 1 0 0.0828
1301 1236.538 1 0 0.0801
1302 1237.062 1 0 0.0814
1303 1237.585 1 0 0.0914
1304 1238.110 1 0 0.0795
1305 1238.634 1 0 0.0822
1306 1239.159 1 2 0.0895
1307 1239.685 1 0 0.0801
1308 1240.211 1 1 0.1525
1309 1240.737 1 0 0.0818
1310 1241.264 1 2 0.0919
1311 1241.791 1 2 0.0972
1312 1242.319 1 0 0.0933
1313 1242.847 1 2 0.1062
1314 1243.375 1 0 0.0883
1315 1243.904 1 0 0.0967
1316 1244.434 1 0 0.0831
1317 1244.964 1 0 0.0887
1318 1245.494 1 0 0.0868
1319 1246.025 1 0 0.0947
1320 1246.556 1 2 0.0968
1321 1247.088 1 0 0.0885
1322 1247.620 1 1 0.1333
1323 1248.152 1 0 0.0953
1324 1248.685 1 2 0.0954
1325 1249.219 1 2 0.1029
1326 1249.753 1 0 0.0855
1327 1250.287 1 2 0.0979
1328 1250.822 1 2 0.2659
1329 1251.357 1 0 0.0879
1330 1251.893 1 0 0.0887
1331 1252.429 1 0 0.0896
1332 1252.966 1 0 0.0888
1333 1253.503 1 1 0.1792
1334 1254.040 1 0 0.0873
1335 1254.578 1 0 0.0914
1336 1255.116 1 0 0.0903
1337 1255.655 1 2 0.1118
1338 1256.195 1 1 0.1397
1339 1256.734 1 1 0.1435
1340 1257.275 1 0 0.0882
1341 1257.815 1 0 0.0884
1342 1258.357 1 0 0.0991
1343 1258.898 1 0 0.0994
1344 1259.440 1 0 0.0941
1345 1259.983 1 0 0.0921
1346 1260.526 1 0 0.0890
1347 1261.069 1 0 0.0973
1348 1261.613 1 0 0.0900
1349 1262.157 1 1 0.1500
1350 1262.702 1 2 0.1039
1351 1263.247 3 2 9.9999
1352 1263.793 1 0 0.0942
1353 1264.339 1 2 0.1085
1354 1264.886 2 2 0.4980
1355 1265.433 2 1 9.9999
1356 1265.981 1 0 0.1045
1357 1266.529 1 0 0.0943
1358 1267.077 1 0 0.1066
1359 1267.626 1 0 0.1053
1360 1268.176 1 0 0.0952
1361 1268.726 1 0 0.0983
1362 1269.276 1 0 0.0992
1363 1269.827 1 0 0.1427
1364 1270.378 1 0 0.1003
1365 1270.930 1 0 0.0959
1366 1271.482 1 0 0.0988
1367 1272.035 1 0 0.1008
1368 1272.588 1 1 0.1766
1369 1284.348 1 0 0.1014
1370 1284.911 1 0 0.1057
1371 1285.475 1 0 0.1025
1372 1286.039 1 0 0.1069
1373 1286.604 1 2 0.1098
1374 1287.169 1 0 0.1031
1375 1287.735 1 2 0.1134
1376 1288.301 1 0 0.1044
1377 1288.868 1 0 0.1029
1378 1289.435 1 2 0.1111
1379 1290.003 1 2 0.1106
1380 1290.571 1 2 0.1127
1381 1291.139 1 2 0.1188
1382 1291.709 1 2 0.1122
1383 1292.278 1 0 0.1076
1384 1292.848 1 0 0.1221
1385 1293.419 1 0 0.1074
1386 1293.990 1 0 0.1111
1387 1294.561 1 2 0.1147
1388 1295.133 1 0 0.1103
1389 1295.706 1 0 0.1151
1390 1296.279 1 1 0.1830
1391 1296.853 1 0 0.1096
1392 1297.427 1 0 0.1145
1393 1298.001 1 0 0.1110
1394 1298.576 1 0 0.1121
1395 1299.151 1 0 0.1210
1396 1299.727 1 2 0.1312
1397 1300.304 1 2 0.8164
1398 1300.881 1 2 0.1542
1399 1301.458 3 2 9.9999
1400 1302.036 1 1 0.1797
1401 1302.615 1 0 0.1140
1402 1303.194 1 0 0.1150
1403 1303.773 1 0 0.1180
1404 1304.353 1 0 0.1159
1405 1304.934 1 2 0.1205
1406 1305.515 1 0 0.1157
1407 1306.096 1 0 0.1176
1408 1306.678 1 2 0.1278
1409 1307.260 1 0 0.1225
1410 1307.843 1 0 0.1181
1411 1308.427 1 0 0.1213
1412 1309.011 1 0 0.1216
1413 1309.595 1 0 0.1253
1414 1310.180 1 0 0.1242
1415 1310.766 1 0 0.1295
1416 1311.352 1 0 0.1299
1417 1311.938 1 0 0.1275
1418 1312.525 1 0 0.1242
1419 1313.113 1 1 0.2034
1420 1313.701 1 2 0.1474
1421 1314.289 1 0 0.1282
1422 1314.878 1 0 0.1296
1423 1315.468 1 0 0.1304
1424 1316.058 1 0 0.1307
1425 1316.648 1 1 0.2142
1426 1317.239 1 0 0.1399
1427 1317.831 1 0 0.1352
1428 1318.423 1 0 0.1344
1429 1319.016 1 0 0.1376
1430 1319.609 1 2 0.1433
1431 1320.202 1 1 0.2333
1432 1320.796 1 0 0.1381
1433 1321.391 1 0 0.1399
1434 1321.986 1 0 0.1400
1435 1322.582 1 0 0.1451
1436 1323.178 1 0 0.1465
1437 1323.775 1 0 0.1483
1438 1324.372 1 1 0.2665
1439 1324.970 1 0 0.1498
1440 1325.568 1 0 0.1494
1441 1326.167 1 0 0.1481
1442 1326.766 1 0 0.1525
1443 1327.366 1 0 0.1583
1444 1327.967 1 0 0.1544
1445 1328.567 1 0 0.1585
1446 1329.169 1 0 0.1597
1447 1329.771 1 0 0.1597
1448 1330.373 1 0 0.1605
1449 1330.976 1 0 0.1607
1450 1331.580 1 0 0.1625
1451 1332.184 1 0 0.1683
1452 1332.788 1 0 0.2114
1453 1333.393 1 0 0.1670
1454 1333.999 1 1 0.2815
1455 1334.605 1 0 0.1713
1456 1335.212 1 0 0.1763
1457 1335.819 1 0 0.1724
1458 1336.427 1 2 0.1945
1459 1337.035 1 2 0.1858
1460 1337.644 1 2 0.1801
1461 1338.253 1 1 0.2809
1462 1338.863 1 0 0.2036
1463 1338.161 1 0 0.0989
1464 1338.669 1 0 0.0982
1465 1339.178 1 2 0.1461
1466 1339.687 1 0 0.1027
1467 1340.196 1 0 0.0962
1468 1340.706 1 2 0.1320
1469 1341.216 1 1 0.1344
1470 1341.727 1 0 0.0956
1471 1342.238 1 0 0.0974
1472 1342.749 1 0 0.0951
1473 1343.261 1 0 0.0903
1474 1343.773 1 0 0.0907
1475 1344.286 1 2 0.1314
1476 1344.799 1 1 0.1318
1477 1345.312 1 2 0.1387
1478 1345.826 1 2 0.1219
1479 1346.340 1 1 0.1290
1480 1346.855 1 0 0.1073
1481 1347.370 1 2 0.1238
1482 1347.886 1 0 0.1380
1483 1348.402 2 0 0.0896
1484 1348.918 2 0 0.0864
1485 1349.435 2 2 0.1161
1486 1349.952 2 2 0.1149
1487 1350.469 2 1 0.2554
1488 1350.987 2 2 0.2421
1489 1351.506 2 1 0.1535
1490 1352.025 2 1 0.1974
1491 1352.544 2 1 0.1152
1492 1353.063 2 2 0.3455
1493 1353.584 2 0 0.0896
1494 1354.104 1 1 0.1216
1495 1354.625 1 2 0.1185
1496 1355.146 1 1 0.1589
1497 1355.668 1 0 0.0853
1498 1356.190 1 1 0.1192
1499 1356.713 1 0 0.0836
1500 1357.236 1 1 0.1209
1501 1357.759 1 1 0.1180
1502 1358.283 1 0 0.0825
1503 1358.807 1 0 0.0829
1504 1359.332 1 0 0.0821
1505 1359.857 1 0 0.0871
1506 1360.383 1 0 0.0807
1507 1360.909 2 1 0.4853
1508 1361.435 1 2 0.1659
1509 1361.962 1 2 0.1105
1510 1362.489 1 0 0.0921
1511 1363.017 1 0 0.1007
1512 1363.545 1 0 0.1658
1513 1364.073 1 1 0.1130
1514 1364.602 1 0 0.0802
1515 1365.131 1 0 0.7788
1516 1365.661 1 0 0.0795
1517 1366.191 1 2 0.1801
1518 1366.722 1 0 0.0792
1519 1367.253 1 2 0.1087
1520 1367.785 1 0 0.0858
1521 1368.317 1 0 0.0780
1522 1368.849 1 0 0.0769
1523 1369.382 1 0 0.0812
1524 1369.915 1 0 0.0758
1525 1370.449 1 0 0.0763
1526 1370.983 1 0 0.0754
1527 1371.517 1 0 0.0923
1528 1372.052 1 0 0.0744
1529 1372.588 1 0 0.0748
1530 1373.123 1 0 0.0780
1531 1373.660 1 0 0.0796
1532 1374.196 1 0 0.0756
1533 1374.733 1 1 0.1105
1534 1375.271 1 0 0.0791
1535 1375.809 1 0 0.0729
1536 1376.347 1 0 0.0746
1537 1376.886 1 0 0.0745
1538 1377.425 1 0 0.0740
1539 1377.965 1 1 0.1062
1540 1378.505 1 0 0.0760
1541 1379.046 1 0 0.0776
1542 1379.587 1 1 0.1060
1543 1380.128 1 2 0.1004
1544 1380.670 1 0 0.0735
1545 1381.213 1 2 0.1009
1546 1381.756 1 0 0.0803
1547 1382.299 1 0 0.0763
1548 1382.842 1 0 0.0741
1549 1383.387 1 0 0.0754
1550 1383.931 1 0 0.0751
1551 1384.476 1 0 0.0738
1552 1385.022 1 0 0.1367
1553 1385.568 1 0 0.0747
1554 1386.114 1 0 0.0774
1555 1386.661 1 0 0.0755
1556 1387.208 1 0 0.0734
1557 1387.756 1 1 0.1047
1558 1388.304 1 1 0.1045
1559 1388.852 1 0 0.0749
1560 1389.401 1 0 0.0750
1561 1389.951 1 0 0.0757
1562 1390.501 1 0 0.0820
1563 1391.051 1 0 0.0921
1564 1391.602 1 0 0.0818
1565 1392.153 1 2 0.0992
1566 1392.705 1 0 0.0731
1567 1393.257 1 0 0.0830
1568 1393.810 1 0 0.0800
1569 1394.363 1 0 0.0758
1570 1394.916 1 0 0.0740
1571 1395.470 1 2 0.1004
1572 1396.025 1 0 0.0734
1573 1396.579 1 0 0.0762
1574 1397.135 1 0 0.0768
1575 1397.691 1 0 0.0839
1576 1398.247 1 0 0.0883
1577 1398.803 1 0 0.0743
1578 1399.361 1 1 0.1042
1579 1399.918 1 1 0.1518
1580 1400.476 1 0 0.0751
1581 1401.035 1 0 0.0738
1582 1401.594 1 0 0.1169
1583 1402.153 1 0 0.0747
1584 1402.713 1 1 0.1062
1585 1403.273 1 0 0.0739
1586 1403.834 1 0 0.0791
1587 1404.396 1 0 0.0774
1588 1404.957 1 1 0.1066
1589 1405.519 1 0 0.0992
1590 1406.082 1 1 0.1062
1591 1406.645 1 0 0.0746
1592 1407.209 1 2 0.1028
1593 1407.773 1 1 0.1088
1594 1408.337 1 0 0.0784
1595 1408.902 1 1 0.1261
1596 1409.468 1 2 0.0990
1597 1410.034 1 1 0.1080
1598 1410.600 1 0 0.0772
1599 1411.167 1 0 0.0749
1600 1411.734 1 1 0.1093
1601 1412.302 1 0 0.1110
1602 1412.870 1 0 0.0759
1603 1413.439 1 1 0.1079
1604 1414.008 1 0 0.0753
1605 1414.578 1 0 0.0913
1606 1415.148 1 0 0.0768
1607 1415.718 1 2 0.1028
1608 1416.289 1 0 0.0790
1609 1416.861 1 1 0.1086
1610 1417.433 1 2 0.1022
1611 1418.005 1 2 0.1036
1612 1418.578 1 0 0.0781
1613 1419.151 1 0 0.0862
1614 1419.725 1 0 0.0805
1615 1420.300 1 0 0.0765
1616 1420.874 1 0 0.0774
1617 1421.450 1 2 0.1055
1618 1422.026 1 0 0.0778
1619 1422.602 1 0 0.0807
1620 1423.178 1 0 0.0792
1621 1423.756 1 0 0.0797
1622 1424.333 1 0 0.0800
1623 1424.911 1 0 0.0801
1624 1425.490 1 2 0.1076
1625 1426.069 1 0 0.0782
1626 1426.649 1 0 0.0834
1627 1427.229 1 0 0.0786
1628 1427.809 1 0 0.0822
1629 1428.390 1 0 0.0783
1630 1428.972 1 0 0.0791
1631 1429.554 1 0 0.0809
1632 1430.136 1 2 0.1113
1633 1430.719 1 0 0.0816
1634 1431.303 1 0 0.0793
1635 1431.887 1 0 0.0800
1636 1432.471 1 1 0.1612
1637 1433.056 1 0 0.0802
1638 1433.641 1 0 0.0874
1639 1434.227 1 0 0.0813
1640 1434.814 1 0 0.0818
1641 1435.400 1 1 0.1216
1642 1435.988 1 2 0.1231
1643 1436.576 1 2 0.1112
1644 1437.164 1 1 0.1423
1645 1437.753 1 0 0.0844
1646 1438.342 1 0 0.0876
1647 1438.932 1 0 0.0858
1648 1439.522 1 0 0.1167
1649 1440.113 1 1 0.1412
1650 1440.704 1 0 0.1292
1651 1441.296 1 0 0.0947
1652 1441.888 1 2 0.1208
1653 1442.481 1 0 0.0927
1654 1443.074 1 2 0.1297
1655 1460.265 1 2 0.1198
1656 1460.873 1 0 0.0868
1657 1461.482 1 1 0.1056
1658 1462.091 1 0 0.0851
1659 1462.701 1 0 0.0890
1660 1463.311 1 0 0.1009
1661 1463.922 1 0 0.0909
1662 1464.533 1 0 0.1118
1663 1465.145 1 0 0.0814
1664 1465.758 1 0 0.0883
1665 1466.371 1 1 0.0971
1666 1466.984 1 0 0.0784
1667 1467.598 1 0 0.0787
1668 1468.212 1 0 0.0762
1669 1468.827 1 1 0.0933
1670 1469.443 1 0 0.0870
1671 1470.059 1 0 0.0857
1672 1470.675 2 1 9.9999
1673 1471.292 1 0 0.0738
1674 1471.910 1 0 0.0746
1675 1472.528 1 0 0.0727
1676 1473.146 1 1 0.0904
1677 1473.765 1 0 0.0726
1678 1474.385 1 0 0.0734
1679 1475.005 1 2 0.1044
1680 1475.625 1 0 0.0745
1681 1476.247 1 0 0.0721
1682 1476.868 1 1 0.0909
1683 1477.490 1 2 0.1112
1684 1478.113 1 0 0.0933
1685 1478.736 1 0 0.0740
1686 1479.360 1 0 0.0991
1687 1479.984 1 0 0.0776
1688 1480.609 1 0 0.0735
1689 1481.234 1 0 0.0962
1690 1481.860 1 0 0.1211
1691 1482.486 3 2 9.9999
1692 1483.113 1 0 0.0738
1693 1483.741 1 2 0.1085
1694 1484.369 1 1 0.0923
1695 1484.997 1 0 0.0729
1696 1485.626 1 0 0.0797
1697 1486.255 1 0 0.0719
1698 1486.885 1 0 0.0806
1699 1487.516 1 2 0.1055
1700 1488.147 1 0 0.0738
1701 1488.779 1 0 0.0730
1702 1489.411 1 1 0.0935
1703 1490.044 1 0 0.0731
1704 1490.677 1 0 0.0743
1705 1491.311 1 0 0.0728
1706 1491.945 1 0 0.0760
1707 1492.580 1 1 0.0927
1708 1493.215 1 0 0.0734
1709 1493.851 1 0 0.0752
1710 1494.487 1 1 0.0911
1711 1495.124 1 0 0.0748
1712 1495.762 2 2 0.1691
1713 1496.400 2 2 9.9999
1714 1497.038 1 0 0.0740
1715 1497.677 1 0 0.0956
1716 1498.317 1 0 0.0754
1717 1498.957 1 0 0.0747
1718 1499.598 1 0 0.0745
1719 1500.239 1 0 0.1103
1720 1500.881 1 1 0.1022
1721 1501.523 1 1 0.0949
1722 1502.166 1 1 0.0968
1723 1502.810 1 2 0.1223
1724 1503.454 1 0 0.0925
1725 1504.098 2 0 0.1054
1726 1504.743 2 1 0.1029
1727 1505.389 2 1 0.1242
1728 1506.035 2 1 0.5097
1729 1506.682 2 1 0.8367
1730 1507.329 3 1 9.9999
1731 1507.977 3 1 3.2738
1732 1508.625 2 2 9.9999
1733 1509.274 2 1 0.6426
1734 1509.924 2 2 0.7811
1735 1510.574 3 1 9.9999
1736 1511.224 2 2 9.9999
1737 1511.875 1 0 0.0920
1738 1512.527 1 1 0.1211
1739 1513.179 1 0 0.1271
1740 1513.832 1 1 0.1094
1741 1514.485 2 1 0.1165
1742 1515.139 1 0 0.0887
1743 1515.793 1 0 0.0895
1744 1516.448 1 0 0.0903
1745 1517.104 1 2 0.1337
1746 1517.760 1 0 0.2737
1747 1518.417 1 0 0.1925
1748 1519.074 1 0 0.0935
1749 1519.732 1 0 0.0970
1750 1520.390 1 0 0.0949
1751 1521.049 1 0 0.0939
1752 1521.708 1 0 0.0980
1753 1522.368 1 0 0.0958
1754 1523.029 1 0 0.0976
1755 1523.690 1 0 0.1020
1756 1524.352 1 0 0.0981
1757 1525.014 1 1 0.1205
1758 1525.677 1 0 0.0975
1759 1526.340 3 0 9.9999
1760 1527.004 1 0 0.0965
1761 1541.096 1 0 0.1251
1762 1541.772 1 0 0.1207
1763 1542.449 1 0 0.1198
1764 1543.126 1 0 0.1202
1765 1543.803 1 2 0.1750
1766 1544.482 1 0 0.1261
1767 1545.160 1 0 0.1249
1768 1545.840 1 0 0.1228
1769 1546.520 1 2 0.1793
1770 1547.200 1 0 0.1271
1771 1547.881 1 0 0.1268
1772 1548.563 1 2 0.1781
1773 1549.245 1 0 0.1375
1774 1549.928 1 2 0.1793
1775 1550.612 1 0 0.1257
1776 1551.296 1 0 0.1241
1777 1551.980 1 0 0.1233
1778 1552.666 1 0 0.1247
1779 1553.351 1 0 0.1257
1780 1554.038 1 0 0.1262
1781 1554.725 4 0 9.9999
1782 1555.412 1 2 0.1875
1783 1556.100 1 0 0.1356
1784 1556.789 1 2 0.1840
1785 1557.478 1 1 0.1547
1786 1558.168 2 2 1.5703
1787 1558.859 2 1 0.1644
1788 1559.550 4 0 9.9999
1789 1560.242 1 2 0.1960
1790 1560.934 1 0 0.1375
1791 1561.627 1 1 0.1691
1792 1562.320 3 0 9.9999
1793 1563.014 1 0 0.1839
1794 1563.709 1 0 0.1432
1795 1564.404 1 0 0.1481
1796 1565.100 1 1 0.1729
1797 1565.797 1 0 0.1527
1798 1566.494 1 0 0.1477
1799 1567.192 1 1 0.3991
1800 1567.890 1 0 0.1498
1801 1568.589 1 0 0.1515
1802 1569.288 1 0 0.1934
1803 1569.988 1 0 0.2125
1804 1570.689 1 0 0.1586
1805 1571.390 1 2 0.2140
1806 1572.092 1 0 0.1552
1807 1572.795 1 1 0.2145
1808 1573.498 1 0 0.1651
1809 1574.201 1 0 0.1660
1810 1574.906 1 0 0.1618
1811 1575.611 1 1 0.2038
1812 1576.316 1 0 0.2523
1813 1577.022 1 0 0.1905
1814 1577.729 1 0 0.1750
1815 1578.437 1 0 0.1716
1816 1579.145 1 0 0.1761
1817 1579.853 1 0 0.1765
1818 1580.562 1 0 0.2350
1819 1581.272 1 0 0.1787
1820 1581.983 1 0 0.1823
1821 1582.694 1 0 0.1837
1822 1583.405 1 0 0.1867
1823 1584.118 1 0 0.1894
1824 1584.831 1 0 0.1856
1825 1585.544 1 2 0.2728
1826 1586.258 1 0 0.1932
1827 1586.973 1 0 0.1955
1828 1587.688 1 0 0.2037
1829 1588.404 1 0 0.2535
1830 1589.121 1 0 0.2011
1831 1589.838 1 0 0.2143
1832 1590.556 1 0 0.2516
1833 1591.275 1 2 0.3054
1834 1591.994 1 0 0.2174
1835 1592.714 1 0 0.2239
1836 1593.434 1 2 0.3142
1837 1594.155 1 2 0.3174
1838 1594.877 1 0 0.2258
1839 1595.599 1 0 0.2303
1840 1596.322 1 0 0.2404
1841 1597.045 1 0 0.2414
1842 1597.769 1 2 0.3562
1843 1598.494 1 0 0.2410
1844 1599.220 1 1 0.3004
1845 1599.946 1 0 0.2547
1846 1600.672 1 0 0.2593
1847 1601.400 1 1 0.3226
1848 1602.128 1 0 0.2691
1849 1602.856 1 0 0.2802
1850 1603.586 1 0 0.2853
1851 1604.315 1 0 0.2872
1852 1605.046 1 0 0.2898
1853 1605.777 1 0 0.3095
1854 1606.509 1 0 0.3031
1855 1607.241 1 0 0.3694
1856 1607.974 1 0 0.3105
1857 1608.708 1 2 0.4645
1858 1609.442 1 0 0.3312
1859 1610.177 1 0 0.3691
1860 1610.913 1 2 0.4714
1861 1611.649 1 0 0.3412
1862 1612.386 1 0 0.3375
1863 1613.124 1 0 0.3484
1864 1613.862 1 0 0.3545
1865 2181.494 1 1 0.1193
1866 2182.400 1 1 0.1194
1867 2183.306 1 0 0.0882
1868 2184.213 1 1 0.1190
1869 2185.121 1 1 0.1220
1870 2186.030 1 0 0.0895
1871 2186.939 1 0 0.0866
1872 2187.850 1 0 0.0875
1873 2188.761 1 0 0.0868
1874 2189.672 1 1 0.1177
1875 2190.585 1 0 0.0882
1876 2191.498 1 0 0.0874
1877 2192.412 1 0 0.0872
1878 2193.326 1 2 0.1249
1879 2194.242 1 0 0.0879
1880 2195.158 1 2 0.1250
1881 2196.075 1 0 0.0896
1882 2196.992 1 0 0.0910
1883 2197.911 1 0 0.0911
1884 2198.830 1 0 0.0921
1885 2199.750 1 0 0.0925
1886 2200.671 1 0 0.0925
1887 2201.592 1 0 0.0968
1888 2202.514 1 0 0.0943
1889 2203.437 1 0 0.0977
1890 2204.361 1 1 0.1294
1891 2205.285 1 0 0.0960
1892 2206.211 1 0 0.0968
1893 2207.137 1 0 0.0980
1894 2208.063 1 0 0.0963
1895 2208.991 1 0 0.0969
1896 2209.919 1 1 0.1319
1897 2210.848 1 1 0.1317
1898 2211.778 1 1 0.1317
1899 2212.709 1 1 0.1319
1900 2213.640 1 0 0.0975
1901 2214.572 1 0 0.0971
1902 2215.505 1 0 0.0965
1903 2216.439 1 1 0.1329
1904 2217.373 1 0 0.0982
1905 2218.308 1 2 0.1346
1906 2219.244 1 0 0.0988
1907 2220.181 1 0 0.0998
1908 2221.118 1 0 0.0990
1909 2222.057 1 0 0.0989
1910 2222.996 1 0 0.1010
1911 2223.936 1 0 0.0990
1912 2224.876 1 0 0.1010
1913 2225.818 1 0 0.1031
1914 2226.760 1 0 0.1018
1915 2227.703 1 0 0.1019
1916 2228.647 1 0 0.1032
1917 2229.591 1 0 0.1042
1918 2230.536 1 0 0.1053
1919 2231.483 1 1 0.1468
1920 2232.429 1 0 0.1036
1921 2233.377 1 1 0.1466
1922 2234.326 3 1 9.9999
1923 2235.275 1 0 0.1082
1924 2236.225 1 0 0.1144
1925 2237.176 1 0 0.1080
1926 2238.127 1 0 0.1094
1927 2239.080 1 1 0.1496
1928 2240.033 1 0 0.1123
1929 2240.987 1 0 0.1126
1930 2241.942 1 0 0.1143
1931 2242.897 1 0 0.1130
1932 2243.853 1 0 0.1129
1933 2244.811 1 0 0.1274
1934 2245.769 1 0 0.1173
1935 2246.727 1 0 0.1183
1936 2247.687 1 0 0.1188
1937 2248.647 1 0 0.1381
1938 2249.608 1 0 0.1204
1939 2250.570 1 0 0.1196
1940 2251.533 1 0 0.1212
1941 2252.497 1 0 0.1222
1942 2253.461 1 0 0.1231
1943 2254.426 1 0 0.1234
1944 2255.392 1 2 0.1713
1945 2256.359 1 0 0.1275
1946 2257.326 1 0 0.1248
1947 2258.295 1 0 0.1272
1948 2259.264 1 0 0.1293
1949 2260.234 1 2 0.1833
1950 2261.205 1 0 0.1301
1951 2262.176 1 0 0.1324
1952 2263.149 1 0 0.1316
1953 2264.122 1 0 0.1332
1954 2265.096 1 0 0.1359
1955 2266.071 1 2 0.1905
1956 2267.047 1 0 0.1392
1957 2268.023 1 0 0.1386
1958 2269.000 1 0 0.1388
1959 2269.979 1 0 0.1444
1960 2270.958 1 0 0.1434
1961 2271.937 1 0 0.1449
1962 2272.918 1 0 0.1467
1963 2273.899 1 2 0.2047
1964 2274.882 1 0 0.1473
1965 2275.865 1 2 0.2152
1966 2276.848 1 0 0.1557
1967 2277.833 1 0 0.1555
1968 2278.819 1 0 0.1571
1969 2279.805 1 0 0.1560
1970 2280.792 1 0 0.1607
1971 2281.780 1 0 0.1648
1972 2282.769 1 0 0.1669
1973 2283.759 1 0 0.1705
1974 2284.749 1 0 0.1725
1975 2285.741 1 0 0.1710
1976 2286.733 1 0 0.1707
1977 2287.726 1 0 0.1705
1978 2288.720 1 2 0.2414
1979 2289.714 1 2 0.2488
1980 2290.710 1 0 0.1785
1981 2291.706 1 0 0.1835
1982 2292.703 1 0 0.1809
1983 2293.701 1 1 0.2484
1984 2294.700 1 0 0.1957
1985 2295.700 3 0 9.9999
1986 2296.701 1 0 0.1868
1987 2297.702 1 0 0.1908
1988 2298.704 1 0 0.1957
1989 2299.707 1 0 0.1950
1990 2300.711 1 0 0.2218
1991 2301.716 1 0 0.2029
1992 2302.722 1 0 0.2079
1993 2303.728 1 1 0.2793
1994 2304.735 1 0 0.2194
1995 2305.744 1 0 0.2141
1996 2306.753 1 0 0.2193
1997 2307.763 1 0 0.2205
1998 2308.773 1 0 0.2264
1999 2309.785 1 0 0.2316
2000 2310.797 1 0 0.2291
2001 2311.811 1 0 0.2371
2002 2312.825 1 0 0.2449
2003 2313.840 2 0 0.2512
2004 2314.856 2 0 0.2582
2005 2315.872 2 0 0.2651
2006 2316.890 2 2 0.3707
2007 2317.908 2 0 0.3051
2008 2318.928 2 0 0.4231
2009 2319.948 2 0 0.7446
2010 2320.969 2 0 9.9999
2011 2321.991 3 0 9.9999
2012 2323.014 4 0 9.9999
2013 2324.037 4 0 9.9999
2014 2325.062 4 0 9.9999
2015 2299.798 4 0 9.9999
2016 2300.703 4 0 9.9999
2017 2301.608 4 0 9.9999
2018 2302.514 3 2 1.3340
2019 2303.421 2 2 0.4343
2020 2304.329 2 0 0.2110
2021 2305.237 2 0 0.1668
2022 2306.146 2 1 0.2248
2023 2307.056 2 2 0.3062
2024 2307.966 2 0 0.1553
2025 2308.877 2 0 0.1552
2026 2309.789 1 0 0.1516
2027 2310.702 1 0 0.1525
2028 2311.616 1 0 0.1553
2029 2312.530 1 0 0.1481
2030 2313.445 1 0 0.1506
2031 2314.361 1 0 0.1518
2032 2315.277 1 0 0.1479
2033 2316.194 1 0 0.1493
2034 2317.112 1 0 0.1502
2035 2318.031 1 0 0.1495
2036 2318.950 1 0 0.1496
2037 2319.871 1 0 0.1487
2038 2320.792 1 0 0.1470
2039 2321.713 1 0 0.1484
2040 2322.636 1 0 0.1482
2041 2323.559 1 0 0.1457
2042 2324.483 1 0 0.1495
2043 2325.408 1 0 0.1500
2044 2326.333 1 0 0.1439
2045 2327.259 1 0 0.1455
2046 2328.186 1 0 0.1441
2047 2329.114 1 0 0.1458
2048 2330.043 1 0 0.1460
2049 2330.972 1 0 0.1451
2050 2331.902 1 0 0.1434
2051 2332.833 1 0 0.1445
2052 2333.765 1 0 0.1428
2053 2334.697 1 0 0.1471
2054 2335.630 1 0 0.1496
2055 2336.564 1 1 0.1848
2056 2337.499 1 0 0.1415
2057 2338.434 1 0 0.1378
2058 2339.370 1 0 0.1376
2059 2340.307 1 0 0.1403
2060 2341.245 1 0 0.1380
2061 2342.183 1 0 0.1424
2062 2343.123 1 2 0.1953
2063 2344.063 1 0 0.1341
2064 2345.003 1 0 0.1431
2065 2345.945 1 0 0.1336
2066 2346.887 1 0 0.1354
2067 2347.831 1 0 0.1341
2068 2348.774 1 0 0.1311
2069 2349.719 1 0 0.1402
2070 2350.665 1 0 0.1377
2071 2351.611 1 0 0.1422
2072 2352.558 1 2 0.1903
2073 2353.506 1 0 0.1317
2074 2354.454 1 0 0.1341
2075 2355.404 1 0 0.1355
2076 2356.354 1 0 0.1337
2077 2357.305 1 0 0.1353
2078 2358.257 1 0 0.1374
2079 2359.209 1 0 0.1372
2080 2360.162 1 0 0.1361
2081 2361.116 1 0 0.1397
2082 2362.071 1 0 0.1398
2083 2363.027 1 0 0.1379
2084 2363.983 1 0 0.1417
2085 2364.941 1 1 0.1834
2086 2365.899 1 1 0.1793
2087 2366.858 1 0 0.1349
2088 2367.817 1 2 0.1955
2089 2368.778 1 0 0.1406
2090 2369.739 1 0 0.1369
2091 2370.701 1 1 0.1815
2092 2371.664 1 0 0.1349
2093 2372.627 1 0 0.1343
2094 2373.592 1 0 0.1375
2095 2374.557 1 0 0.1361
2096 2375.523 1 0 0.1376
2097 2376.490 1 0 0.1331
2098 2377.457 1 0 0.1353
2099 2378.426 1 1 0.1810
2100 2379.395 1 1 0.1852
2101 2380.365 1 0 0.1459
2102 2381.336 1 2 0.2011
2103 2382.307 1 0 0.1385
2104 2383.280 1 0 0.1385
2105 2384.253 1 0 0.1387
2106 2385.227 1 0 0.1421
2107 2386.202 1 1 0.1896
2108 2387.177 1 1 0.1871
2109 2388.154 1 0 0.1409
2110 2389.131 1 0 0.1449
2111 2390.109 1 0 0.1445
2112 2391.088 1 0 0.1447
2113 2392.068 1 0 0.1448
2114 2393.048 1 0 0.1478
2115 2394.030 1 0 0.1429
2116 2395.012 1 0 0.1467
2117 2395.995 1 0 0.1517
2118 2396.979 1 0 0.1518
2119 2397.963 1 0 0.1536
2120 2398.949 1 0 0.1559
2121 2399.935 1 0 0.1503
2122 2400.922 1 0 0.1533
2123 2401.910 1 2 0.2221
2124 2402.899 1 0 0.1506
2125 2403.888 1 0 0.1515
2126 2404.879 1 0 0.1517
2127 2405.870 1 0 0.1518
2128 2406.862 1 0 0.1510
2129 2407.855 1 1 0.2003
2130 2408.849 1 0 0.1536
2131 2409.843 1 1 0.2001
2132 2410.839 1 0 0.1569
2133 2411.835 1 0 0.1571
2134 2412.832 1 0 0.1568
2135 2413.830 1 0 0.1553
2136 2414.828 1 0 0.1586
2137 2415.828 1 0 0.1612
2138 2416.828 1 0 0.1598
2139 2417.830 1 1 0.2193
2140 2418.832 1 0 0.1683
2141 2419.835 1 0 0.1671
2142 2420.838 1 2 0.2470
2143 2421.843 1 1 0.2204
2144 2422.848 1 0 0.1728
2145 2446.194 1 0 0.1766
2146 2447.219 1 0 0.1771
2147 2448.244 1 0 0.1843
2148 2449.270 1 0 0.1757
2149 2450.297 1 0 0.1837
2150 2451.325 1 0 0.1816
2151 2452.354 3 0 9.9999
2152 2453.383 1 0 0.1862
2153 2454.414 1 0 0.2150
2154 2455.445 1 2 0.2677
2155 2456.477 1 0 0.1877
2156 2457.510 1 0 0.1999
2157 2458.544 1 0 0.1888
2158 2459.578 1 0 0.1930
2159 2460.614 1 0 0.1836
2160 2461.650 1 0 0.2145
2161 2462.687 1 1 0.2639
2162 2463.725 1 0 0.1881
2163 2464.764 1 0 0.1874
2164 2465.804 1 0 0.1888
2165 2466.844 1 0 0.1938
2166 2467.886 1 0 0.1905
2167 2468.928 1 0 0.1989
2168 2469.971 1 1 0.2507
2169 2471.015 1 0 0.1925
2170 2472.060 1 0 0.1906
2171 2473.106 1 1 0.2737
2172 2474.153 1 2 0.2696
2173 2475.200 1 0 0.1944
2174 2476.249 1 0 0.2037
2175 2477.298 1 0 0.1994
2176 2478.348 1 0 0.2065
2177 2479.399 1 0 0.2061
2178 2480.451 1 0 0.2039
2179 2481.503 1 0 0.2079
2180 2482.557 1 0 0.2086
2181 2483.611 1 0 0.2087
2182 2484.667 1 0 0.2104
2183 2485.723 1 0 0.2164
2184 2486.780 1 2 0.2986
2185 2487.838 1 0 0.2201
2186 2488.897 1 2 0.2939
2187 2489.956 1 0 0.2233
2188 2491.017 1 0 0.2220
2189 2492.078 1 0 0.2238
2190 2493.141 1 1 0.3107
2191 2494.204 1 0 0.2254
2192 2495.268 1 0 0.2401
2193 2496.333 1 0 0.2335
2194 2497.399 1 0 0.2336
2195 2498.465 1 0 0.2460
2196 2499.533 1 0 0.2389
2197 2500.601 1 0 0.2407
2198 2501.671 1 0 0.2415
2199 2502.741 1 0 0.2480
2200 2503.812 1 0 0.2564
2201 2504.884 1 0 0.2585
2202 2505.957 1 0 0.2690
2203 2507.031 1 1 0.3530
2204 2508.106 1 0 0.2600
2205 2509.182 1 0 0.2652
2206 2510.258 1 0 0.2619
2207 2511.335 1 0 0.2750
2208 2512.414 1 0 0.2809
2209 2513.493 1 0 0.2934
2210 2514.573 1 0 0.2764
2211 2515.654 1 0 0.2787
2212 2516.736 1 0 0.2887
2213 2517.819 1 0 0.2880
2214 2518.903 1 0 0.2925
2215 2519.987 1 0 0.2941
2216 2521.073 1 1 0.3964
2217 2522.159 1 0 0.3091
2218 2523.247 1 0 0.3055
2219 2524.335 1 0 0.3121
2220 2525.424 1 0 0.3198
2221 2526.514 1 0 0.3166
2222 2527.605 1 0 0.3221
2223 2528.697 1 0 0.3293
2224 2529.790 1 0 0.3347
2225 2530.883 1 0 0.3410
2226 2531.978 1 0 0.3362
2227 2533.074 1 0 0.3538
2228 2534.170 1 0 0.3570
2229 2535.267 1 0 0.3567
2230 2536.366 1 0 0.3679
2231 2537.465 1 0 0.3622
2232 2538.565 1 2 0.5053
2233 2539.666 1 0 0.3866
2234 2540.768 1 0 0.3860
2235 2541.871 1 0 0.4155
2236 2542.975 1 0 0.4059
2237 2544.080 1 0 0.4043
2238 2545.185 2 1 0.5432
2239 2546.292 1 1 0.5801
2240 2547.399 1 0 0.4234
2241 2548.508 1 1 0.5797
2242 2549.617 1 1 0.6049
2243 2550.728 4 1 9.9999
2244 2551.839 1 0 0.5102
2245 2552.951 1 0 0.4472
2246 2554.064 1 0 0.4508
2247 2555.178 1 0 0.4848
2248 2556.293 1 0 0.4724
2249 2557.409 1 0 0.4724
2250 2558.526 1 0 0.4731
2251 2559.644 1 0 0.4833
2252 2560.763 1 0 0.5014
2253 2561.882 1 0 0.5203
2254 2563.003 2 0 0.6876
2255 2564.125 2 0 1.1291
2256 2565.247 3 0 9.9999
2257 2566.371 3 2 9.9999
2258 2567.495 4 0 9.9999
2259 2568.620 4 0 9.9999
2260 2569.747 4 0 9.9999
2261 2541.899 4 0 9.9999
2262 2542.904 4 0 9.9999
2263 2543.909 3 2 9.9999
2264 2544.916 2 0 9.9999
2265 2545.923 2 2 1.2105
2266 2546.931 2 0 0.5715
2267 2547.939 2 0 0.4033
2268 2548.949 2 0 0.3509
2269 2549.959 2 0 0.3565
2270 2550.971 2 0 0.3424
2271 2551.983 2 0 0.3346
2272 2552.995 2 0 0.3388
2273 2554.009 1 0 0.3409
2274 2555.024 1 0 0.3430
2275 2556.039 1 0 0.3390
2276 2557.055 1 0 0.3408
2277 2558.072 1 0 0.3471
2278 2559.090 1 0 0.3410
2279 2560.109 1 1 0.4417
2280 2561.128 1 0 0.3413
2281 2562.149 1 0 0.3300
2282 2563.170 1 0 0.3200
2283 2564.192 1 2 0.4674
2284 2565.215 1 0 0.3184
2285 2566.238 1 0 0.3304
2286 2567.263 1 0 0.3200
2287 2568.288 1 0 0.3205
2288 2569.315 1 0 0.6118
2289 2570.342 1 0 0.3266
2290 2571.370 1 0 0.3260
2291 2572.398 1 0 0.3232
2292 2573.428 1 0 0.3233
2293 2574.458 1 0 0.3164
2294 2575.490 1 0 0.3214
2295 2576.522 1 0 0.3254
2296 2577.555 1 0 0.3239
2297 2578.589 1 0 0.3182
2298 2579.624 1 0 0.3098
2299 2580.659 1 0 0.3132
2300 2581.696 1 0 0.3136
2301 2582.733 1 0 0.3260
2302 2583.771 1 0 0.3246
2303 2584.810 1 2 0.4190
2304 2585.850 1 0 0.3052
2305 2586.891 1 0 0.3217
2306 2587.932 1 0 0.3187
2307 2588.975 1 2 0.4288
2308 2590.018 1 2 0.4291
2309 2591.062 1 0 0.3130
2310 2592.107 1 0 0.3123
2311 2593.153 1 0 0.3135
2312 2594.200 1 0 0.3050
2313 2595.247 1 0 0.3116
2314 2596.296 1 0 0.3149
2315 2597.345 1 0 0.3127
2316 2598.395 1 1 0.4121
2317 2599.446 1 0 0.3112
2318 2600.498 1 0 0.3157
2319 2601.551 1 0 0.3099
2320 2602.605 1 0 0.3116
2321 2603.659 1 0 0.3225
2322 2604.715 1 0 0.3090
2323 2605.771 1 0 0.3167
2324 2606.828 1 0 0.3176
2325 2607.886 1 0 0.3485
2326 2608.945 1 0 0.3176
2327 2610.005 1 1 0.4029
2328 2611.066 1 0 0.3204
2329 2612.127 1 0 0.3133
2330 2613.190 1 0 0.3101
2331 2614.253 1 0 0.3130
2332 2615.317 1 0 0.3078
2333 2616.383 1 0 0.3090
2334 2617.449 1 0 0.3154
2335 2618.515 1 0 0.3101
2336 2619.583 1 0 0.3126
2337 2620.652 1 0 0.3064
2338 2621.721 1 0 0.3145
2339 2622.792 1 0 0.3136
2340 2623.863 1 0 0.3154
2341 2624.935 1 0 0.3089
2342 2626.009 1 0 0.3158
2343 2627.083 1 0 0.3155
2344 2628.157 1 0 0.3266
2345 2629.233 1 0 0.3167
2346 2630.310 1 0 0.3119
2347 2631.388 1 1 0.4008
2348 2632.466 1 0 0.3126
2349 2633.545 1 0 0.3054
2350 2634.626 1 0 0.3213
2351 2635.707 1 0 0.3140
2352 2636.789 1 0 0.3144
2353 2637.872 1 0 0.3325
2354 2638.956 1 1 0.4349
2355 2640.041 1 0 0.3216
2356 2641.126 1 1 0.4200
2357 2642.213 1 0 9.9999
2358 2643.301 1 0 0.3595
2359 2644.389 3 0 9.9999
2360 2645.478 1 0 0.3279
2361 2646.569 1 1 0.4440
2362 2647.660 1 2 0.4784
2363 2648.752 1 0 0.3453
2364 2649.845 1 2 0.4976
2365 2650.939 1 0 0.3598
2366 2652.034 1 1 0.4634
2367 2653.129 1 0 0.3763
2368 2654.226 1 2 0.5269
2369 2655.324 1 2 0.5034
2370 2656.422 1 0 0.3503
2371 2657.522 1 0 0.3701
2372 2658.622 1 0 0.3688
2373 2659.723 1 0 0.3774
2374 2660.825 1 0 0.3691
2375 2661.929 1 1 1.0919
2376 2663.033 1 0 0.3818
2377 2664.138 1 0 0.3874
2378 2665.244 1 2 0.5300
