% Subset of file: L1B.cal_prop.2005.03.01.v9.5.0.anc
%
% 1. Channel ID {AIRS PGE ID}
% 2. Frequency {wavenumbers}
% 3. Spectral Quality code:
%       1 = good
%       2 = OK but some problems
%       3 = poor
%       4 = useless
% 4. AB weight code:
%       0 = A and B equally weighted
%       1 = A-side only
%       2 = B-side only
% 5. NEdT250 {Kelvin}
%
%--- -------- - - ------
   1  649.620 1 0 0.6322
   2  649.858 1 0 0.6772
   3  650.097 1 0 0.6671
   4  650.335 1 0 0.6252
   5  650.574 1 0 0.5962
   6  650.814 1 0 0.6418
   7  651.053 1 0 0.6691
   8  651.293 1 0 0.6768
   9  651.532 1 0 0.6489
  10  651.772 1 0 0.6353
  11  652.012 1 0 0.6672
  12  652.253 2 0 0.6228
  13  652.493 2 0 0.5949
  14  652.734 1 0 0.6088
  15  652.975 1 0 0.6266
  16  653.216 1 0 0.6618
  17  653.457 1 0 0.6104
  18  653.699 1 0 0.6022
  19  653.940 1 0 0.5966
  20  654.182 1 0 0.5767
  21  654.424 1 0 0.6149
  22  654.666 1 0 0.5952
  23  654.909 1 0 0.6126
  24  655.151 1 0 0.5767
  25  655.394 1 0 0.5537
  26  655.637 1 0 0.6055
  27  655.880 1 0 0.5671
  28  656.124 1 0 0.5550
  29  656.367 1 0 0.5452
  30  656.611 1 0 0.5379
  31  656.855 1 0 0.5631
  32  657.099 1 0 0.5208
  33  657.343 1 0 0.5073
  34  657.588 1 0 0.5195
  35  657.833 1 0 0.5287
  36  658.078 1 0 0.5084
  37  658.323 1 0 0.4982
  38  658.568 1 0 0.5254
  39  658.813 1 0 0.4930
  40  659.059 1 0 0.4969
  41  659.305 1 0 0.4905
  42  659.551 1 0 0.4722
  43  659.797 1 0 0.4851
  44  660.044 1 0 0.5049
  45  660.291 1 0 0.4695
  46  660.537 1 0 0.4600
  47  660.784 1 0 0.4877
  48  661.032 2 0 0.4394
  49  661.279 2 0 0.4388
  50  661.527 1 0 0.5001
  51  661.775 1 0 0.4721
  52  662.023 1 0 0.4707
  53  662.271 1 0 0.4580
  54  662.519 1 0 0.4703
  55  662.768 1 0 0.4596
  56  663.017 1 0 0.4559
  57  663.266 1 0 0.4406
  58  663.515 1 0 0.4614
  59  663.765 1 0 0.4469
  60  664.014 1 0 0.4655
  61  664.264 1 0 0.4502
  62  664.514 1 0 0.4391
  63  664.764 1 0 0.4420
  64  665.015 1 0 0.4292
  65  665.265 1 0 0.4314
  66  665.516 1 0 0.4196
  67  665.767 1 0 0.4310
  68  666.018 1 0 0.4440
  69  666.270 1 0 0.4350
  70  666.521 1 0 0.3902
  71  666.773 1 0 0.4218
  72  667.025 1 0 0.4169
  73  667.277 1 0 0.4213
  74  667.530 1 0 0.4140
  75  667.782 1 0 0.4160
  76  668.035 1 0 0.4074
  77  668.288 1 0 0.4060
  78  668.541 1 0 0.4077
  79  668.795 1 0 0.4211
  80  669.049 1 0 0.4140
  81  669.302 1 0 0.4119
  82  669.556 1 0 0.3903
  83  669.811 1 0 0.4017
  84  670.065 1 0 0.4867
  85  670.320 1 0 0.4283
  86  670.575 1 0 0.4182
  87  670.830 1 0 0.3859
  88  671.085 1 0 0.4187
  89  671.340 1 0 0.3922
  90  671.596 1 0 0.3976
  91  671.852 1 0 0.4154
  92  672.108 1 0 0.4093
  93  672.364 1 0 0.4132
  94  672.621 1 0 0.4410
  95  672.878 1 0 0.4319
  96  673.134 1 0 0.3837
  97  673.392 1 0 0.3879
  98  673.649 1 0 0.4126
  99  673.906 1 0 0.4037
 100  674.164 1 0 0.4108
 101  674.422 1 0 0.4203
 102  674.680 1 0 0.4355
 103  674.939 1 0 0.4166
 104  675.197 1 0 0.4235
 105  675.456 1 0 0.4477
 106  675.715 1 0 0.4003
 107  675.974 1 0 0.4453
 108  676.233 1 0 0.4188
 109  676.493 1 0 0.4097
 110  676.753 1 0 0.4385
 111  677.013 1 0 0.4392
 112  677.273 1 0 0.4033
 113  677.533 1 0 0.3927
 114  677.794 1 0 0.4316
 115  678.055 1 0 0.4126
 116  678.316 1 0 0.4269
 117  678.577 1 0 0.4431
 118  678.839 1 0 0.4014
 119  679.100 1 0 0.4243
 120  679.362 1 0 0.4482
 121  679.625 2 0 0.3170
 122  679.887 2 0 0.3175
 123  680.149 1 0 0.3974
 124  680.412 1 0 0.4225
 125  680.675 1 0 0.4133
 126  680.938 1 0 0.4109
 127  681.202 1 0 0.4213
 128  681.465 1 0 0.4314
 129  681.729 1 0 0.4219
 130  681.993 1 0 0.3833
 131  687.601 1 0 0.3459
 132  687.871 2 0 0.2095
 133  688.140 2 0 0.2079
 134  688.410 2 0 0.2086
 135  688.680 1 0 0.3438
 136  688.950 1 0 0.3332
 137  689.220 1 0 0.3416
 138  689.491 1 0 0.3424
 139  689.762 1 0 0.3458
 140  690.033 1 0 0.3443
 141  690.304 1 0 0.3637
 142  690.575 1 0 0.3365
 143  690.847 1 0 0.3173
 144  691.119 1 0 0.3119
 145  691.391 1 0 0.3563
 146  691.664 1 0 0.3311
 147  691.936 1 0 0.3518
 148  692.209 1 0 0.3323
 149  692.482 1 0 0.3359
 150  692.755 1 0 0.3594
 151  693.029 1 0 0.3607
 152  693.302 1 0 0.3288
 153  693.576 1 0 0.3372
 154  693.850 1 0 0.3269
 155  694.125 1 0 0.3213
 156  694.399 1 0 0.3110
 157  694.674 1 0 0.3250
 158  694.949 1 0 0.3166
 159  695.225 1 0 0.3026
 160  695.500 1 0 0.3191
 161  695.776 1 0 0.2987
 162  696.052 1 0 0.3244
 163  696.328 1 0 0.3204
 164  696.604 1 0 0.3180
 165  696.881 1 0 0.3108
 166  697.158 1 0 0.2981
 167  697.435 1 0 0.2973
 168  697.712 1 0 0.3133
 169  697.990 1 0 0.2776
 170  698.267 1 0 0.2799
 171  698.545 1 0 0.2913
 172  698.823 1 0 0.2769
 173  699.102 1 0 0.2737
 174  699.381 1 0 0.2931
 175  699.659 1 0 0.2860
 176  699.939 1 0 0.2849
 177  700.218 1 0 0.2852
 178  700.497 1 0 0.2735
 179  700.777 1 0 0.2800
 180  701.057 1 0 0.2760
 181  701.338 1 0 0.2741
 182  701.618 1 0 0.2867
 183  701.899 1 0 0.2761
 184  702.180 1 0 0.2731
 185  702.461 1 0 0.2869
 186  702.742 1 0 0.2887
 187  703.024 1 0 0.2782
 188  703.306 1 0 0.2839
 189  703.588 1 0 0.2731
 190  703.870 1 0 0.2769
 191  704.153 1 0 0.2681
 192  704.436 1 0 0.2817
 193  704.719 1 0 0.2672
 194  705.002 1 0 0.2769
 195  705.285 1 0 0.2627
 196  705.569 1 0 0.2548
 197  705.853 1 0 0.2533
 198  706.137 1 0 0.2507
 199  706.422 1 0 0.2610
 200  706.706 1 0 0.2723
 201  706.991 1 0 0.2552
 202  707.276 1 0 0.2605
 203  707.562 1 0 0.2730
 204  707.847 1 0 0.2605
 205  708.133 1 0 0.2571
 206  708.419 1 0 0.2477
 207  708.706 1 0 0.2878
 208  708.992 1 0 0.3017
 209  709.279 1 0 0.3114
 210  709.566 1 0 0.2948
 211  709.853 1 0 0.2525
 212  710.141 1 0 0.2438
 213  710.428 1 0 0.2548
 214  710.716 1 0 0.2463
 215  711.005 1 0 0.2547
 216  711.293 1 0 0.2619
 217  711.582 1 0 0.2682
 218  711.871 1 0 0.2475
 219  712.160 1 0 0.2555
 220  712.449 1 0 0.2523
 221  712.739 1 0 0.2559
 222  713.029 1 0 0.2423
 223  713.319 1 0 0.2381
 224  713.609 1 0 0.2415
 225  713.900 1 0 0.2450
 226  714.191 1 0 0.2343
 227  714.482 1 0 0.2366
 228  714.773 1 0 0.2439
 229  715.065 1 0 0.2453
 230  715.356 1 0 0.2464
 231  715.648 1 0 0.2406
 232  715.941 1 0 0.2564
 233  716.233 1 0 0.2347
 234  716.526 1 0 0.2447
 235  716.819 1 0 0.2454
 236  717.112 1 0 0.2403
 237  717.406 1 0 0.2387
 238  717.700 4 0 9.9999
 239  717.994 1 0 0.2372
 240  718.288 1 0 0.2517
 241  718.582 1 0 0.2248
 242  718.877 1 0 0.2496
 243  719.172 1 0 0.2405
 244  719.467 1 0 0.2583
 245  719.763 1 0 0.2462
 246  720.058 1 0 0.2413
 247  720.354 1 0 0.2520
 248  720.651 1 0 0.2519
 249  720.947 1 0 0.2380
 250  721.244 1 0 0.2470
 251  721.541 1 0 0.2550
 252  721.838 1 0 0.2513
 253  722.135 1 0 0.2390
 254  722.433 1 0 0.2367
 255  722.731 1 0 0.2432
 256  723.029 1 0 0.2401
 257  723.328 1 0 0.2391
 258  723.626 1 0 0.2455
 259  723.925 1 0 0.2591
 260  724.224 1 0 0.2431
 261  724.524 1 0 0.2412
 262  724.823 1 0 0.2434
 263  725.123 1 0 0.2670
 264  725.424 1 0 0.2577
 265  725.724 1 0 0.2440
 266  726.025 1 0 0.2762
 267  726.326 1 0 0.2605
 268  726.627 1 0 0.2556
 269  726.928 1 0 0.2740
 270  727.230 1 0 0.2882
 271  727.532 1 0 0.2953
 272  727.834 1 0 0.2748
 273  728.137 1 0 0.3036
 274  728.439 1 0 0.2617
 275  728.055 1 0 0.2553
 276  728.357 1 1 0.9788
 277  728.660 1 1 9.9999
 278  728.963 1 2 0.3541
 279  729.266 1 0 0.2373
 280  729.569 1 2 0.3677
 281  729.873 1 0 0.2844
 282  730.177 1 0 0.2503
 283  730.481 1 0 0.2724
 284  730.785 1 1 0.3494
 285  731.090 1 1 0.3362
 286  731.395 1 0 0.2630
 287  731.700 1 1 0.3343
 288  732.005 2 0 0.3725
 289  732.311 1 1 0.3435
 290  732.617 1 1 0.4365
 291  732.923 2 1 0.5548
 292  733.229 1 1 3.2102
 293  733.536 1 1 0.3409
 294  733.843 1 1 0.3302
 295  734.150 1 1 0.3568
 296  734.458 1 2 0.3664
 297  734.765 1 0 0.2423
 298  735.073 1 0 0.2513
 299  735.381 1 0 0.2431
 300  735.690 1 0 1.0919
 301  735.999 1 1 0.3601
 302  736.308 1 0 0.2637
 303  736.617 1 2 0.3928
 304  736.926 1 1 0.3536
 305  737.236 1 2 0.3906
 306  737.546 1 0 0.2393
 307  737.856 1 2 0.3516
 308  738.167 1 0 0.2571
 309  738.477 1 2 0.3722
 310  738.788 1 2 0.3742
 311  739.100 1 1 0.3378
 312  739.411 1 0 0.2673
 313  739.723 1 1 0.3384
 314  740.035 1 1 0.3319
 315  740.347 1 0 0.2809
 316  740.660 1 2 0.3721
 317  740.973 1 0 0.2735
 318  741.286 1 0 0.3135
 319  741.599 1 2 0.3727
 320  741.913 1 2 0.3700
 321  742.227 1 2 0.5686
 322  742.541 1 1 0.3284
 323  742.855 1 0 0.3137
 324  743.170 2 0 1.0709
 325  743.485 1 1 0.3274
 326  743.800 1 1 0.4162
 327  744.116 1 2 0.3594
 328  744.431 1 0 0.2935
 329  744.747 1 0 0.2721
 330  745.064 1 0 0.2758
 331  745.380 1 2 1.0261
 332  745.697 1 2 0.3577
 333  746.014 1 0 0.2499
 334  746.331 1 0 0.2337
 335  746.649 1 0 0.3861
 336  746.967 1 1 0.3247
 337  747.285 1 0 0.2544
 338  747.603 1 2 0.3562
 339  747.922 1 2 0.3837
 340  748.241 1 1 0.4976
 341  748.560 1 0 0.3327
 342  748.879 1 1 0.3321
 343  749.199 1 2 0.3476
 344  749.519 1 0 0.2733
 345  749.839 1 1 0.3233
 346  750.160 2 1 0.3443
 347  750.481 1 0 0.2509
 348  750.802 1 2 0.3895
 349  751.123 1 0 0.2325
 350  751.445 2 2 3.0153
 351  751.767 1 2 0.3676
 352  752.089 1 2 0.3283
 353  752.411 1 0 0.2904
 354  752.734 1 2 0.3287
 355  753.057 1 1 0.3191
 356  753.380 1 1 0.3107
 357  753.703 1 0 0.2278
 358  754.027 1 2 0.4097
 359  754.351 1 2 0.3221
 360  754.676 1 1 0.3294
 361  755.000 1 0 0.2603
 362  755.325 1 0 0.2405
 363  755.650 1 0 0.4595
 364  755.976 1 1 0.3367
 365  756.301 1 2 0.3900
 366  756.627 1 1 0.3041
 367  756.954 1 0 0.2739
 368  757.280 1 2 0.4489
 369  757.607 1 0 0.2223
 370  757.934 1 1 0.4231
 371  758.261 1 1 0.3128
 372  758.589 1 1 0.2947
 373  758.917 1 1 0.3037
 374  759.245 1 2 3.3778
 375  759.573 1 0 0.3236
 376  759.902 1 2 0.3280
 377  760.231 1 2 0.4244
 378  760.561 1 2 0.3137
 379  760.890 1 2 0.3952
 380  761.220 1 2 0.3444
 381  761.550 2 1 1.5318
 382  761.881 1 0 0.2711
 383  762.211 1 0 0.2380
 384  762.542 1 0 0.5798
 385  762.873 1 0 0.2342
 386  763.205 1 1 0.9150
 387  763.537 1 0 0.2121
 388  763.869 1 0 0.2430
 389  764.201 1 0 0.2183
 390  764.534 1 0 0.2922
 391  764.867 2 2 1.3119
 392  765.200 1 0 0.2599
 393  765.534 1 0 0.2367
 394  765.867 1 0 0.2184
 395  766.201 1 0 0.2435
 396  766.536 1 0 1.4899
 397  766.870 1 0 0.2511
 398  767.205 2 0 0.2751
 399  767.541 1 1 0.3240
 400  767.876 1 2 0.3441
 401  768.212 1 2 0.3502
 402  768.548 2 2 2.9961
 403  768.884 1 1 0.3807
 404  769.221 2 2 9.9999
 405  769.558 1 1 0.4668
 406  769.895 1 0 0.2533
 407  770.233 1 1 0.3248
 408  770.570 1 2 0.3821
 409  770.909 1 0 0.3450
 410  771.247 1 2 0.3558
 411  771.586 1 0 0.4381
 412  771.925 2 2 0.7183
 413  772.264 1 2 0.3538
 414  772.603 1 1 0.3268
 415  772.943 1 1 1.1698
 416  773.283 1 1 0.3457
 417  773.624 1 2 0.4024
 418  773.964 1 2 0.3449
 419  774.305 1 0 0.2836
 420  774.647 1 2 1.2139
 421  774.988 1 2 0.4662
 422  775.330 1 1 0.3440
 423  775.672 1 0 0.2503
 424  776.015 1 2 0.4127
 425  776.357 1 0 0.2905
 426  776.700 1 1 0.3426
 427  777.044 1 1 0.4187
 428  777.387 2 1 1.1124
 429  777.731 1 1 0.4022
 430  778.076 1 0 0.2674
 431  778.420 1 1 0.6096
 432  778.765 1 1 0.6343
 433  779.110 1 0 0.2686
 434  779.455 1 2 0.3995
 435  779.801 1 2 0.3681
 436  780.147 1 1 0.3372
 437  780.493 1 0 0.2893
 438  780.840 1 0 0.2301
 439  781.187 1 1 0.3106
 440  781.534 1 2 0.6778
 441  781.882 1 0 0.2530
 442  789.263 1 1 0.4224
 443  789.616 1 0 0.3090
 444  789.971 1 0 0.3706
 445  790.325 1 0 0.2537
 446  790.680 1 0 0.2978
 447  791.035 1 1 0.4213
 448  791.390 1 1 0.4141
 449  791.745 1 0 0.2594
 450  792.101 1 0 0.2672
 451  792.457 2 0 0.2769
 452  792.814 1 2 0.4691
 453  793.171 1 0 0.2571
 454  793.528 1 1 0.3956
 455  793.885 1 0 0.3109
 456  794.243 1 2 0.4014
 457  794.601 1 2 0.5325
 458  794.959 1 1 2.1012
 459  795.318 1 1 0.3692
 460  795.677 1 0 0.3257
 461  796.036 1 1 1.1159
 462  796.396 1 2 0.3905
 463  796.756 2 2 1.8510
 464  797.116 2 2 0.5658
 465  797.477 1 0 0.3263
 466  797.837 1 1 0.3459
 467  798.199 1 2 0.4012
 468  798.560 2 0 0.3462
 469  798.922 1 0 0.2501
 470  799.284 1 2 0.6846
 471  799.646 1 1 0.3523
 472  800.009 1 2 0.4170
 473  800.372 1 1 0.3656
 474  800.735 2 0 0.5198
 475  801.099 1 0 0.2769
 476  801.463 1 0 0.2896
 477  801.827 2 2 0.4029
 478  802.192 1 0 0.2670
 479  802.557 1 0 0.2548
 480  802.922 1 0 0.9714
 481  803.288 1 0 0.2790
 482  803.654 1 0 0.2968
 483  804.020 1 2 0.4345
 484  804.386 1 1 0.3910
 485  804.753 1 1 0.3386
 486  805.120 1 0 0.2476
 487  805.488 2 0 0.7436
 488  805.856 1 1 0.3965
 489  806.224 1 1 2.9396
 490  806.592 3 1 0.3283
 491  806.961 2 1 0.3675
 492  807.330 1 1 0.9551
 493  807.699 1 1 0.4320
 494  808.069 4 1 9.9999
 495  808.439 3 1 4.0954
 496  808.809 1 1 0.3715
 497  809.180 1 1 0.3361
 498  809.551 1 1 0.9095
 499  809.922 2 1 1.5774
 500  810.294 2 1 1.5187
 501  810.666 1 1 0.3330
 502  811.038 2 1 0.4460
 503  811.411 1 0 0.2689
 504  811.784 1 2 0.3813
 505  812.157 1 2 0.4209
 506  812.531 1 0 0.3313
 507  812.905 2 0 0.3883
 508  813.279 1 1 0.3445
 509  813.654 1 0 0.3146
 510  814.029 1 0 0.3668
 511  814.404 1 0 0.2835
 512  814.779 1 2 0.9944
 513  815.155 1 0 0.3330
 514  815.532 1 1 0.8557
 515  815.908 1 2 0.5491
 516  816.285 1 0 0.4778
 517  816.662 1 2 0.4379
 518  817.040 1 0 0.2763
 519  817.418 1 0 0.3723
 520  817.796 1 2 0.3861
 521  818.175 1 0 0.2517
 522  818.553 1 0 0.3098
 523  818.933 1 1 0.3314
 524  819.312 1 1 0.3797
 525  819.692 2 2 4.0987
 526  820.072 1 0 1.4787
 527  820.453 1 0 0.2642
 528  820.834 1 2 0.4184
 529  821.215 1 0 0.2892
 530  821.597 1 0 0.3816
 531  821.978 2 1 4.9323
 532  822.361 1 1 0.3351
 533  822.743 1 1 0.3877
 534  823.126 1 0 0.8942
 535  823.509 1 1 0.3965
 536  823.893 1 0 0.2630
 537  824.277 2 1 1.9931
 538  824.661 1 1 0.3411
 539  825.046 1 2 0.3940
 540  825.431 1 0 0.2712
 541  825.816 1 0 0.2560
 542  826.202 1 0 0.9502
 543  826.587 1 1 0.6871
 544  826.974 1 1 0.3749
 545  827.360 1 2 0.4045
 546  827.747 1 2 0.4419
 547  828.135 1 0 0.2903
 548  828.522 1 0 1.5674
 549  828.910 1 2 0.4325
 550  829.299 1 1 0.4478
 551  829.687 1 0 0.3442
 552  830.076 1 0 0.2835
 553  830.466 1 0 0.3017
 554  830.856 1 1 0.3684
 555  831.246 1 1 0.3761
 556  831.636 1 2 0.4172
 557  832.027 1 1 0.3852
 558  832.418 1 1 0.4402
 559  832.809 1 0 0.3929
 560  833.201 1 0 0.3177
 561  833.593 1 1 0.3631
 562  833.986 1 1 0.3557
 563  834.379 1 2 0.4748
 564  834.772 1 1 0.4476
 565  835.166 1 1 0.4004
 566  835.559 1 1 0.4632
 567  835.954 1 1 0.4332
 568  836.348 1 0 1.2370
 569  836.743 1 0 0.4050
 570  837.139 1 2 0.4179
 571  837.534 1 0 0.9236
 572  837.930 1 1 0.3876
 573  838.327 1 2 0.4591
 574  838.723 1 1 0.4443
 575  839.120 1 1 0.4449
 576  839.518 1 1 0.4038
 577  839.916 1 0 0.3139
 578  840.314 1 1 0.3969
 579  840.712 1 1 0.4060
 580  841.111 1 2 0.5089
 581  841.510 1 1 0.7541
 582  841.910 2 1 7.6345
 583  842.310 1 2 7.1716
 584  842.710 1 2 0.4753
 585  843.111 1 1 0.4290
 586  843.512 1 2 0.4891
 587  843.913 1 0 0.3016
 588  844.315 1 0 0.5468
 589  844.717 1 1 0.9128
 590  845.119 1 0 0.5766
 591  845.522 1 2 1.1351
 592  845.925 1 0 0.3014
 593  846.329 1 0 0.3928
 594  846.732 1 1 0.4471
 595  847.137 1 1 0.4120
 596  847.541 1 2 0.9074
 597  847.946 1 0 0.3232
 598  848.352 2 0 0.9368
 599  848.757 1 1 0.6112
 600  849.163 1 0 0.4792
 601  849.570 1 0 0.3236
 602  849.977 1 1 0.9100
 603  850.384 4 1 3.8694
 604  850.791 2 2 0.9646
 605  851.199 1 1 0.4734
 606  851.607 1 2 0.5463
 607  852.016 1 0 0.3511
 608  852.425 4 1 0.5263
 609  851.490 1 0 0.8148
 610  851.797 2 2 0.6295
 611  852.104 2 0 0.5288
 612  852.411 2 0 0.4187
 613  852.718 1 0 0.4060
 614  853.026 1 0 0.3845
 615  853.334 2 0 0.3746
 616  853.642 1 0 0.3949
 617  853.950 1 0 0.3735
 618  854.259 1 0 0.3655
 619  854.568 1 0 0.3489
 620  854.877 2 2 0.4734
 621  855.186 1 0 0.3356
 622  855.495 4 0 9.9999
 623  855.805 2 1 0.5238
 624  856.115 2 0 0.3267
 625  856.426 1 0 0.3368
 626  856.736 1 0 0.5006
 627  857.047 1 0 0.3242
 628  857.358 1 0 0.3184
 629  857.669 2 0 0.3343
 630  857.981 2 0 0.4194
 631  858.293 2 1 0.5252
 632  858.605 1 0 0.3611
 633  858.917 1 0 0.3275
 634  859.229 1 2 0.4253
 635  859.542 1 0 0.3091
 636  859.855 3 0 0.8531
 637  860.168 1 0 0.3037
 638  860.482 1 0 0.3629
 639  860.795 1 1 0.4667
 640  861.109 1 0 0.2859
 641  861.424 1 0 0.3112
 642  861.738 1 2 0.3678
 643  862.053 1 0 0.2704
 644  862.368 1 2 0.3608
 645  862.683 1 2 0.3628
 646  862.998 1 0 0.2392
 647  863.314 1 0 0.2486
 648  863.630 1 0 0.2395
 649  863.946 1 0 0.2306
 650  864.263 1 0 0.2469
 651  864.579 1 1 0.3681
 652  864.896 1 0 0.2357
 653  865.214 1 0 0.2189
 654  865.531 1 0 0.2168
 655  865.849 1 0 0.2149
 656  866.167 1 2 0.2984
 657  866.485 1 0 0.2176
 658  866.803 1 2 0.3088
 659  867.122 1 1 0.3444
 660  867.441 1 0 0.2520
 661  867.760 1 0 0.2045
 662  868.080 1 0 0.2010
 663  868.399 1 0 0.2036
 664  868.719 1 2 0.4277
 665  869.040 1 0 0.1991
 666  869.360 1 0 0.2453
 667  869.681 1 0 0.2074
 668  870.002 1 0 0.2045
 669  870.323 1 1 0.3331
 670  870.645 1 1 0.5650
 671  870.966 1 2 0.2776
 672  871.288 1 0 0.2051
 673  871.611 1 0 0.1984
 674  871.933 1 0 0.1922
 675  872.256 1 0 0.1891
 676  872.579 1 0 0.1960
 677  872.902 1 2 0.2738
 678  873.226 1 1 1.1079
 679  873.550 1 0 0.4449
 680  873.874 1 1 0.3063
 681  874.198 4 1 9.9999
 682  874.523 2 1 0.3259
 683  874.847 1 0 0.1775
 684  875.173 1 2 0.2429
 685  875.498 1 0 0.1818
 686  875.823 1 2 0.2642
 687  876.149 1 2 0.2340
 688  876.475 2 2 4.8726
 689  876.802 1 0 0.1638
 690  877.128 1 1 0.2799
 691  877.455 1 0 0.1663
 692  877.783 1 0 0.1620
 693  878.110 1 0 0.1614
 694  878.438 1 2 0.2291
 695  878.766 1 0 0.1786
 696  879.094 1 1 0.2622
 697  879.422 1 2 0.2246
 698  879.751 1 2 0.2237
 699  880.080 1 0 0.1604
 700  880.409 1 0 0.1575
 701  880.739 1 0 0.1566
 702  881.069 1 2 0.2200
 703  881.399 1 1 0.2581
 704  881.729 1 0 0.2046
 705  882.060 1 0 0.1685
 706  882.390 1 1 0.2982
 707  882.721 1 0 0.1695
 708  883.053 1 2 0.2181
 709  883.384 1 0 0.1809
 710  883.716 1 2 0.2263
 711  884.049 1 2 0.2102
 712  884.381 1 0 0.1500
 713  884.714 1 0 0.1613
 714  885.047 1 0 0.1495
 715  885.380 1 0 0.1613
 716  885.713 1 1 0.5496
 717  886.047 1 0 0.2048
 718  886.381 1 0 0.1430
 719  886.715 1 0 0.1839
 720  887.050 1 1 0.2403
 721  887.385 1 0 0.1513
 722  887.720 1 0 0.1411
 723  888.055 1 0 0.2531
 724  888.391 1 0 0.1436
 725  888.727 1 0 0.1682
 726  889.063 1 0 0.1395
 727  889.399 1 2 0.2013
 728  889.736 1 0 0.1413
 729  890.073 1 2 0.1923
 730  890.410 1 0 0.1425
 731  890.748 1 1 0.2299
 732  891.086 1 0 0.1453
 733  891.424 1 1 7.0256
 734  891.762 1 1 0.2288
 735  892.101 1 0 0.1413
 736  892.440 4 1 9.9999
 737  892.779 1 0 0.1437
 738  893.118 1 0 1.3552
 739  893.458 1 1 0.2148
 740  893.798 1 2 0.1972
 741  894.138 1 2 4.7724
 742  894.479 1 1 9.9999
 743  894.820 1 1 9.9999
 744  895.161 1 1 0.2314
 745  895.502 1 2 0.1940
 746  895.844 1 2 0.1876
 747  896.185 1 0 1.6780
 748  896.528 1 2 0.1889
 749  896.870 3 0 2.9560
 750  897.213 2 1 0.2737
 751  897.556 1 1 0.2226
 752  897.899 1 2 0.1810
 753  898.243 3 0 2.2377
 754  898.586 1 1 0.2234
 755  898.931 1 1 9.9999
 756  899.275 1 2 9.9999
 757  899.620 1 0 0.1285
 758  899.965 1 0 0.4528
 759  900.310 1 2 0.1792
 760  900.655 1 1 0.2873
 761  901.001 1 0 0.1444
 762  901.347 3 1 0.6293
 763  901.694 1 2 0.1666
 764  902.040 1 1 0.1969
 765  902.387 1 1 9.9999
 766  902.734 1 1 0.1887
 767  903.082 1 2 0.1575
 768  903.429 1 0 0.5675
 769  903.777 1 1 0.1843
 770  911.235 1 1 0.5931
 771  911.590 1 2 0.2137
 772  911.945 1 2 0.2221
 773  912.301 2 1 0.5555
 774  912.656 1 1 0.2946
 775  913.012 1 1 0.2220
 776  913.369 1 0 0.1377
 777  913.725 1 2 0.1888
 778  914.082 1 2 0.2019
 779  914.439 1 0 0.1350
 780  914.796 1 0 0.1293
 781  915.154 1 0 0.1342
 782  915.512 1 2 0.1798
 783  915.870 4 2 9.9999
 784  916.229 1 0 0.1200
 785  916.588 1 0 0.1166
 786  916.947 1 0 0.1135
 787  917.306 1 0 0.1102
 788  917.666 1 1 0.1727
 789  918.026 1 1 0.1813
 790  918.386 2 1 0.2457
 791  918.747 1 0 0.1385
 792  919.108 1 2 0.1660
 793  919.469 1 2 0.1685
 794  919.830 1 2 0.1465
 795  920.192 1 2 0.1654
 796  920.554 1 0 0.1023
 797  920.917 1 0 0.1040
 798  921.279 1 0 0.1337
 799  921.642 1 1 0.1620
 800  922.005 1 0 2.9037
 801  922.369 1 1 0.3285
 802  922.733 1 2 3.3337
 803  923.097 2 1 1.9495
 804  923.461 1 0 0.0993
 805  923.826 1 0 0.1013
 806  924.191 2 2 1.2771
 807  924.556 1 1 0.2060
 808  924.922 1 1 0.1848
 809  925.288 1 1 0.1680
 810  925.654 1 0 0.1000
 811  926.021 1 2 0.1440
 812  926.387 1 0 0.1006
 813  926.754 1 1 0.1864
 814  927.122 1 1 0.1478
 815  927.490 1 2 0.2872
 816  927.858 1 0 0.1159
 817  928.226 2 1 0.1493
 818  928.594 1 0 0.0921
 819  928.963 1 0 0.0937
 820  929.333 1 1 0.1756
 821  929.702 1 0 0.0920
 822  930.072 1 0 0.0938
 823  930.442 1 0 0.1055
 824  930.812 1 2 0.1502
 825  931.183 1 1 0.1503
 826  931.554 3 1 4.3386
 827  931.925 1 1 0.1506
 828  932.297 1 2 1.8207
 829  932.669 1 2 0.1574
 830  933.041 1 1 0.1436
 831  933.414 2 2 4.6574
 832  933.787 3 1 0.6325
 833  934.160 1 1 0.1462
 834  934.533 1 1 1.8836
 835  934.907 1 1 0.1407
 836  935.281 1 1 0.1390
 837  935.655 2 1 9.9999
 838  936.030 1 1 0.1406
 839  936.405 1 2 0.1510
 840  936.780 1 0 0.0918
 841  937.156 1 2 0.1972
 842  937.532 1 1 9.9999
 843  937.908 1 2 0.1269
 844  938.285 1 1 0.1500
 845  938.662 1 2 0.1204
 846  939.039 1 0 0.0981
 847  939.416 1 2 0.1274
 848  939.794 1 1 0.1384
 849  940.172 1 0 3.8366
 850  940.550 1 0 0.0963
 851  940.929 1 1 0.1354
 852  941.308 1 0 0.1301
 853  941.688 1 2 0.1235
 854  942.067 1 1 0.1390
 855  942.447 1 1 1.9003
 856  942.827 1 0 0.2618
 857  943.208 1 2 0.1201
 858  943.589 1 1 0.1376
 859  943.970 2 2 0.8274
 860  944.352 1 1 0.2699
 861  944.733 1 2 0.1394
 862  945.116 1 0 0.0910
 863  945.498 1 2 0.3704
 864  945.881 1 1 0.3881
 865  946.264 1 1 1.0457
 866  946.647 1 2 0.3468
 867  947.031 4 0 3.2138
 868  947.415 1 2 1.0635
 869  947.800 1 1 0.2514
 870  948.184 1 1 0.2053
 871  948.569 1 1 0.1502
 872  948.955 1 0 0.0912
 873  949.340 1 1 0.1351
 874  949.726 1 0 0.0965
 875  950.113 3 0 7.8943
 876  950.499 3 1 4.0122
 877  950.886 1 2 0.2774
 878  951.273 2 2 2.1708
 879  951.661 1 2 0.8654
 880  952.049 2 2 0.2423
 881  952.437 1 1 0.1423
 882  952.825 1 1 0.1382
 883  953.214 1 1 1.3754
 884  953.604 1 1 1.1865
 885  953.993 3 0 1.6682
 886  954.383 1 1 0.1427
 887  954.773 2 2 3.8378
 888  955.163 1 2 0.1162
 889  955.554 2 1 0.6451
 890  955.945 1 1 0.1485
 891  956.337 1 1 0.3062
 892  956.729 2 2 0.1494
 893  957.121 1 0 0.1016
 894  957.513 3 0 1.4858
 895  957.906 1 1 0.1369
 896  958.299 1 1 0.1417
 897  958.692 1 1 0.1388
 898  959.086 1 2 0.2178
 899  959.480 3 0 1.8628
 900  959.874 1 1 5.9002
 901  960.269 1 1 0.1399
 902  960.664 1 2 0.1189
 903  961.060 1 2 0.1151
 904  961.455 1 2 0.1145
 905  961.851 1 1 0.1543
 906  962.248 2 1 2.1862
 907  962.644 3 2 9.9999
 908  963.041 1 2 0.1208
 909  963.439 1 2 0.1133
 910  963.836 1 2 0.2083
 911  964.234 1 0 0.9008
 912  964.633 2 0 5.0882
 913  965.031 1 1 0.1585
 914  965.430 1 2 0.1226
 915  965.830 3 2 1.1232
 916  966.229 1 1 0.1333
 917  966.630 1 2 0.1143
 918  967.030 1 1 0.1373
 919  967.431 1 1 1.6659
 920  967.832 2 1 1.0221
 921  968.233 1 0 0.2504
 922  968.635 2 2 3.0427
 923  969.037 1 2 0.1093
 924  969.439 1 2 0.1102
 925  969.842 1 2 0.5801
 926  970.245 1 1 0.1316
 927  970.648 1 1 0.1304
 928  971.052 1 1 0.9488
 929  971.456 1 0 0.0824
 930  971.860 1 1 5.2260
 931  972.265 1 1 0.7400
 932  972.670 1 0 0.0871
 933  973.075 1 2 0.1145
 934  973.481 1 0 1.1351
 935  973.887 1 2 0.1130
 936  974.294 1 2 0.1081
 937  973.818 3 1 9.9999
 938  974.225 1 2 0.1520
 939  974.631 2 1 0.4622
 940  975.039 2 1 0.4904
 941  975.446 1 1 0.1378
 942  975.854 3 1 0.6428
 943  976.262 2 2 1.2322
 944  976.670 1 0 0.0888
 945  977.079 2 1 0.2658
 946  977.488 1 0 0.0999
 947  977.898 4 1 9.9999
 948  978.308 1 0 0.1254
 949  978.718 2 1 0.7812
 950  979.128 1 0 0.0946
 951  979.539 1 2 0.1140
 952  979.950 2 2 1.5949
 953  980.362 1 1 0.1292
 954  980.774 2 1 9.9999
 955  981.186 1 0 0.1432
 956  981.599 1 1 2.2920
 957  982.011 1 1 9.9999
 958  982.425 1 1 0.2195
 959  982.838 1 1 0.1709
 960  983.252 1 0 0.0825
 961  983.667 1 2 0.1198
 962  984.081 4 0 9.9999
 963  984.496 1 0 0.0808
 964  984.912 1 0 0.0911
 965  985.327 4 1 9.9999
 966  985.743 1 2 0.1337
 967  986.160 1 1 0.1296
 968  986.576 1 2 0.1186
 969  986.993 1 1 0.1464
 970  987.411 2 1 0.1661
 971  987.829 1 1 0.1866
 972  988.247 1 2 0.1130
 973  988.665 1 1 0.1820
 974  989.084 3 1 7.5348
 975  989.503 4 1 9.9999
 976  989.923 1 1 0.1581
 977  990.343 1 0 0.1086
 978  990.763 1 2 0.1114
 979  991.183 2 2 0.1128
 980  991.604 1 1 0.1766
 981  992.026 4 1 9.9999
 982  992.447 1 0 0.0777
 983  992.869 1 2 0.1731
 984  993.292 1 2 0.1195
 985  993.714 1 2 0.1369
 986  994.137 1 2 0.1464
 987  994.561 1 0 0.0772
 988  994.984 1 0 0.1052
 989  995.409 1 2 0.1138
 990  995.833 4 1 9.9999
 991  996.258 1 2 0.1617
 992  996.683 1 1 0.1397
 993  997.109 1 0 0.2008
 994  997.535 1 1 0.1404
 995  997.961 1 0 0.1285
 996  998.387 1 0 0.6608
 997  998.814 1 2 0.1115
 998  999.242 1 0 0.0895
 999  999.670 1 0 0.0784
1000 1000.098 1 1 0.1342
1001 1000.526 1 0 0.0847
1002 1000.955 1 0 0.0768
1003 1001.384 1 0 0.1320
1004 1001.813 1 0 0.0751
1005 1002.243 1 0 0.1045
1006 1002.674 1 0 0.1181
1007 1003.104 2 2 0.1512
1008 1003.535 1 2 0.1086
1009 1003.966 1 0 0.0987
1010 1004.398 1 0 0.1004
1011 1004.830 1 0 0.0920
1012 1005.263 1 0 0.0883
1013 1005.695 1 0 0.0883
1014 1006.129 1 2 0.1534
1015 1006.562 1 2 0.3128
1016 1006.996 1 2 0.1890
1017 1007.430 1 2 0.2559
1018 1007.865 1 1 0.1207
1019 1008.300 1 0 0.0960
1020 1008.735 1 0 0.0915
1021 1009.171 3 1 9.5236
1022 1009.607 1 2 0.1074
1023 1010.044 1 2 0.3517
1024 1010.480 1 0 0.1173
1025 1010.918 1 0 0.0789
1026 1011.355 1 0 0.0903
1027 1011.793 1 0 0.1252
1028 1012.231 1 0 0.0915
1029 1012.670 1 0 0.0733
1030 1013.109 1 1 0.1251
1031 1013.549 1 0 0.0740
1032 1013.988 1 0 0.1003
1033 1014.429 1 2 0.1097
1034 1014.869 1 1 0.1297
1035 1015.310 1 2 0.2303
1036 1015.751 1 1 0.1308
1037 1016.193 1 0 0.0822
1038 1016.635 1 2 0.1164
1039 1017.078 1 1 0.1302
1040 1017.520 1 0 0.1205
1041 1017.964 1 1 0.1577
1042 1018.407 1 0 0.0914
1043 1018.851 1 2 0.1124
1044 1019.296 1 0 0.0805
1045 1019.740 1 1 0.1295
1046 1020.185 1 1 0.1282
1047 1020.631 1 0 0.1442
1048 1021.077 1 2 0.1105
1049 1021.523 1 1 0.2425
1050 1021.969 1 2 0.1134
1051 1022.416 1 2 0.3056
1052 1022.864 1 2 0.1188
1053 1023.312 1 2 0.1155
1054 1023.760 1 2 0.2052
1055 1024.208 1 1 0.1554
1056 1024.657 1 0 0.0996
1057 1025.106 1 1 0.1385
1058 1025.556 1 2 0.1171
1059 1026.006 1 1 0.2330
1060 1026.457 1 2 0.1215
1061 1026.907 1 0 0.0893
1062 1027.359 1 2 0.1199
1063 1027.810 2 1 0.2282
1064 1028.262 1 2 0.1200
1065 1028.715 1 0 0.1102
1066 1029.167 1 1 9.9999
1067 1029.620 1 0 0.0903
1068 1030.074 2 2 0.1244
1069 1030.528 1 0 0.0869
1070 1030.982 1 0 0.0921
1071 1031.437 1 0 0.0852
1072 1031.892 1 0 0.0915
1073 1032.347 2 0 0.0896
1074 1032.803 1 0 0.0954
1075 1033.260 1 0 0.0899
1076 1033.716 2 1 0.1488
1077 1034.173 1 0 0.1168
1078 1034.631 1 0 0.0974
1079 1035.089 1 0 0.1000
1080 1035.547 1 2 0.1628
1081 1036.005 1 0 0.1161
1082 1036.465 1 0 0.1413
1083 1036.924 1 2 0.1327
1084 1037.384 1 0 0.0919
1085 1037.844 1 2 0.1434
1086 1038.305 1 0 0.0936
1087 1038.766 1 1 0.2137
1088 1039.227 1 2 0.1318
1089 1039.689 1 1 0.1580
1090 1040.151 1 0 0.0945
1091 1040.614 2 2 0.1341
1092 1041.077 1 0 0.1641
1093 1041.540 1 1 0.1761
1094 1042.004 2 0 0.0967
1095 1042.468 1 2 0.2945
1096 1042.933 1 0 0.2356
1097 1043.398 1 0 0.1277
1098 1043.863 1 0 0.1296
1099 1044.329 1 1 0.1621
1100 1044.795 1 0 0.0953
1101 1045.262 1 2 0.1793
1102 1045.729 2 1 0.1610
1103 1046.196 1 0 0.0992
1104 1056.075 1 2 0.1696
1105 1056.551 1 1 1.0731
1106 1057.027 1 0 0.1370
1107 1057.504 1 2 0.1767
1108 1057.981 1 0 0.1329
1109 1058.459 4 1 9.9999
1110 1058.936 1 2 0.1716
1111 1059.415 1 1 0.2339
1112 1059.893 1 1 0.2449
1113 1060.372 1 0 0.1305
1114 1060.852 1 2 0.1706
1115 1061.332 1 1 0.2268
1116 1061.812 1 0 0.2571
1117 1062.293 1 0 0.1258
1118 1062.774 1 0 0.1246
1119 1063.256 1 0 0.1272
1120 1063.738 1 0 0.3670
1121 1064.220 1 0 0.1234
1122 1064.703 1 2 0.1552
1123 1065.186 1 0 0.1184
1124 1065.670 1 2 0.1575
1125 1066.154 1 1 9.9999
1126 1066.639 1 2 0.1737
1127 1067.124 1 1 0.2079
1128 1067.609 2 2 0.1458
1129 1068.095 1 1 0.2055
1130 1068.581 1 0 0.1165
1131 1069.067 1 0 0.1268
1132 1069.554 1 2 2.6089
1133 1070.042 1 0 0.1221
1134 1070.530 1 0 0.1236
1135 1071.018 1 0 0.1229
1136 1071.507 1 0 0.1296
1137 1071.996 1 0 0.1182
1138 1072.485 1 2 0.1595
1139 1072.975 1 0 0.1279
1140 1073.466 1 0 0.1671
1141 1073.957 1 0 0.1512
1142 1074.448 1 0 0.1872
1143 1074.940 1 0 0.1265
1144 1075.432 1 2 0.1736
1145 1075.924 1 0 0.1313
1146 1076.417 1 2 0.1791
1147 1076.911 1 0 0.1263
1148 1077.404 2 1 9.9999
1149 1077.899 2 2 0.2074
1150 1078.393 1 0 0.1305
1151 1078.888 1 0 0.1384
1152 1079.384 1 0 0.1319
1153 1079.880 1 0 0.1427
1154 1080.376 1 1 0.2223
1155 1080.873 1 1 0.2257
1156 1081.370 1 1 0.2186
1157 1081.868 1 1 0.2350
1158 1082.366 1 1 0.2192
1159 1082.865 1 0 0.1293
1160 1083.364 1 2 0.1843
1161 1083.863 1 0 0.1334
1162 1084.363 1 0 0.1405
1163 1084.863 1 0 0.1309
1164 1085.364 1 0 0.1515
1165 1085.865 1 2 0.3460
1166 1086.367 1 1 0.3193
1167 1086.869 2 1 0.2407
1168 1087.371 1 1 0.2308
1169 1087.874 1 2 0.1839
1170 1088.378 1 0 0.1365
1171 1088.881 1 0 0.1359
1172 1089.386 1 0 0.1374
1173 1089.890 1 2 3.8958
1174 1090.395 1 0 0.1346
1175 1090.901 1 0 0.1315
1176 1091.407 1 0 0.7020
1177 1091.913 1 0 0.1839
1178 1092.420 1 0 0.1353
1179 1092.928 1 1 0.2317
1180 1093.435 1 0 0.1353
1181 1093.944 1 0 0.1515
1182 1094.452 1 0 0.1453
1183 1094.961 1 0 0.1390
1184 1095.471 1 2 0.1929
1185 1095.981 1 0 0.2329
1186 1096.491 1 2 0.1959
1187 1097.002 1 0 0.1382
1188 1097.514 1 0 0.1370
1189 1098.025 1 0 0.1505
1190 1098.538 1 1 1.2932
1191 1099.050 1 2 0.2306
1192 1099.563 1 1 0.3675
1193 1100.077 3 0 1.2948
1194 1100.591 1 0 0.1472
1195 1101.106 1 1 0.2486
1196 1101.621 1 2 0.2136
1197 1102.136 1 1 0.2747
1198 1102.652 2 2 0.4944
1199 1103.168 1 2 0.2159
1200 1103.685 1 0 0.1655
1201 1104.202 1 0 0.1587
1202 1104.720 1 0 0.1578
1203 1105.238 3 1 9.9999
1204 1105.756 1 1 0.2659
1205 1106.276 1 2 0.2346
1206 1106.795 1 0 0.1653
1207 1107.315 1 1 0.2899
1208 1107.835 1 1 9.9999
1209 1108.356 1 1 0.2771
1210 1108.878 2 0 9.9999
1211 1109.399 1 2 0.2403
1212 1109.922 1 2 0.2471
1213 1110.444 1 0 0.1842
1214 1110.968 1 1 0.2814
1215 1111.491 1 2 0.2948
1216 1112.015 1 1 3.2743
1217 1112.540 1 1 0.2955
1218 1113.065 1 0 0.1727
1219 1113.590 1 0 0.1764
1220 1114.116 1 2 0.2581
1221 1114.643 1 0 0.1871
1222 1115.170 2 2 0.2529
1223 1115.697 1 2 0.2603
1224 1116.225 2 2 0.2634
1225 1116.753 2 1 0.2669
1226 1117.282 1 0 0.2486
1227 1117.811 1 2 0.2635
1228 1118.341 1 2 0.2775
1229 1118.871 1 2 0.2722
1230 1119.402 1 1 0.3120
1231 1119.933 1 1 0.3299
1232 1120.464 1 1 0.3171
1233 1120.996 1 1 0.3192
1234 1121.529 1 0 0.2016
1235 1122.062 1 1 0.3345
1236 1122.595 1 0 0.2099
1237 1123.129 1 2 0.4292
1238 1123.664 1 2 0.2951
1239 1124.199 1 2 0.2998
1240 1124.734 4 2 9.9999
1241 1125.270 1 2 0.3151
1242 1125.806 1 1 7.1791
1243 1126.343 1 1 0.3410
1244 1126.880 1 2 0.3601
1245 1127.418 1 2 0.3233
1246 1127.956 3 1 3.7015
1247 1128.495 1 0 0.2171
1248 1129.034 1 1 0.3524
1249 1129.574 1 2 0.3547
1250 1130.114 1 2 0.3317
1251 1130.655 1 1 3.1497
1252 1131.196 1 2 0.3323
1253 1131.738 1 0 0.2354
1254 1132.280 1 1 0.3879
1255 1132.822 1 1 4.1468
1256 1133.365 1 2 0.3868
1257 1133.909 1 0 0.2554
1258 1134.453 1 2 0.3505
1259 1134.997 1 0 0.2469
1260 1135.542 1 0 0.3110
1261 1136.088 1 0 0.2640
1262 1136.634 1 2 0.3920
1263 1216.974 1 0 0.0808
1264 1217.481 1 1 0.1234
1265 1217.988 1 0 0.0843
1266 1218.496 1 0 0.1072
1267 1219.004 1 0 0.0821
1268 1219.513 1 0 0.0816
1269 1220.022 1 0 0.0804
1270 1220.531 1 0 0.0800
1271 1221.041 1 0 0.0822
1272 1221.552 1 0 0.1001
1273 1222.063 1 1 0.1246
1274 1222.574 1 1 0.1238
1275 1223.085 1 0 0.0850
1276 1223.597 1 0 0.0828
1277 1224.110 1 2 0.1013
1278 1224.623 1 1 0.1226
1279 1225.136 1 2 0.0979
1280 1225.650 4 0 9.9999
1281 1226.164 2 0 0.0801
1282 1226.679 2 0 0.0784
1283 1227.194 2 2 0.2597
1284 1227.709 1 0 0.1038
1285 1228.225 1 0 0.0832
1286 1228.742 1 2 0.0947
1287 1229.258 2 1 0.1218
1288 1229.775 2 0 0.0776
1289 1230.293 2 0 0.0778
1290 1230.811 2 0 0.0773
1291 1231.330 2 0 0.0763
1292 1231.849 2 0 0.0764
1293 1232.368 2 0 0.0861
1294 1232.888 2 0 0.0791
1295 1233.408 2 0 0.0746
1296 1233.929 2 0 0.0745
1297 1234.450 2 1 0.1166
1298 1234.971 2 0 0.0797
1299 1235.493 2 0 0.0765
1300 1236.016 1 0 0.0794
1301 1236.538 1 0 0.0766
1302 1237.062 1 0 0.0770
1303 1237.585 1 0 0.0885
1304 1238.110 1 0 0.0768
1305 1238.634 1 0 0.0773
1306 1239.159 1 2 0.0928
1307 1239.685 1 0 0.0767
1308 1240.211 1 1 0.1510
1309 1240.737 1 0 0.0786
1310 1241.264 1 2 0.0952
1311 1241.791 1 2 0.1004
1312 1242.319 1 0 0.0911
1313 1242.847 1 2 0.1100
1314 1243.375 1 0 0.0906
1315 1243.904 1 2 0.1010
1316 1244.434 1 0 0.0796
1317 1244.964 1 0 0.0835
1318 1245.494 1 0 0.0834
1319 1246.025 1 0 0.0838
1320 1246.556 1 2 0.1013
1321 1247.088 1 0 0.0847
1322 1247.620 1 1 0.1226
1323 1248.152 1 0 0.0871
1324 1248.685 1 2 0.1001
1325 1249.219 1 2 0.1100
1326 1249.753 1 0 0.0824
1327 1250.287 1 2 0.1021
1328 1250.822 1 2 0.2790
1329 1251.357 1 0 0.0855
1330 1251.893 1 0 0.0869
1331 1252.429 1 0 0.0868
1332 1252.966 1 0 0.0846
1333 1253.503 1 0 0.0860
1334 1254.040 1 0 0.0880
1335 1254.578 1 0 0.0885
1336 1255.116 1 0 0.0872
1337 1255.655 1 2 0.1174
1338 1256.195 1 1 0.1288
1339 1256.734 1 1 0.1300
1340 1257.275 1 0 0.0859
1341 1257.815 1 0 0.0858
1342 1258.357 1 1 0.1385
1343 1258.898 1 1 0.1334
1344 1259.440 1 0 0.0896
1345 1259.983 1 0 0.0890
1346 1260.526 1 0 0.0862
1347 1261.069 1 0 0.0933
1348 1261.613 1 0 0.0882
1349 1262.157 1 0 0.0917
1350 1262.702 1 2 0.1094
1351 1263.247 3 2 9.9999
1352 1263.793 1 0 0.0925
1353 1264.339 1 2 0.1156
1354 1264.886 2 1 0.9871
1355 1265.433 2 1 9.9999
1356 1265.981 1 0 0.0929
1357 1266.529 1 0 0.0905
1358 1267.077 1 0 0.1073
1359 1267.626 1 0 0.0995
1360 1268.176 1 0 0.0913
1361 1268.726 1 0 0.0967
1362 1269.276 1 0 0.0973
1363 1269.827 1 0 0.1570
1364 1270.378 1 0 0.0948
1365 1270.930 1 0 0.0920
1366 1271.482 1 0 0.0957
1367 1272.035 1 0 0.0999
1368 1272.588 1 1 0.1489
1369 1284.348 1 0 0.0944
1370 1284.911 1 0 0.0977
1371 1285.475 1 0 0.0948
1372 1286.039 1 0 0.1004
1373 1286.604 1 0 0.0987
1374 1287.169 1 0 0.0956
1375 1287.735 1 0 0.1015
1376 1288.301 1 0 0.0975
1377 1288.868 1 0 0.0966
1378 1289.435 1 2 0.1144
1379 1290.003 1 0 0.0999
1380 1290.571 1 1 0.7057
1381 1291.139 1 2 0.1289
1382 1291.709 1 0 0.1030
1383 1292.278 1 0 0.1004
1384 1292.848 1 0 0.1025
1385 1293.419 1 0 0.1001
1386 1293.990 1 0 0.1034
1387 1294.561 1 2 0.1203
1388 1295.133 1 0 0.1030
1389 1295.706 1 0 0.1069
1390 1296.279 1 1 0.1613
1391 1296.853 1 0 0.1033
1392 1297.427 1 0 0.1058
1393 1298.001 1 0 0.1038
1394 1298.576 1 0 0.1053
1395 1299.151 1 0 0.1096
1396 1299.727 1 2 0.1259
1397 1300.304 1 2 0.7760
1398 1300.881 1 2 0.1692
1399 1301.458 3 2 9.9999
1400 1302.036 1 1 0.1603
1401 1302.615 1 0 0.1068
1402 1303.194 1 0 0.1073
1403 1303.773 1 0 0.1093
1404 1304.353 1 0 0.1080
1405 1304.934 1 2 0.1246
1406 1305.515 1 0 0.1081
1407 1306.096 1 0 0.1097
1408 1306.678 1 2 0.1427
1409 1307.260 1 0 0.1112
1410 1307.843 1 0 0.1107
1411 1308.427 1 0 0.1242
1412 1309.011 1 0 0.1136
1413 1309.595 1 0 0.1202
1414 1310.180 1 0 0.1143
1415 1310.766 1 0 0.1167
1416 1311.352 1 0 0.1228
1417 1311.938 1 0 0.1203
1418 1312.525 1 0 0.1161
1419 1313.113 1 1 0.1792
1420 1313.701 1 2 0.1418
1421 1314.289 1 0 0.1192
1422 1314.878 1 0 0.1208
1423 1315.468 1 0 0.1216
1424 1316.058 1 0 0.1216
1425 1316.648 1 1 0.1888
1426 1317.239 1 0 0.1256
1427 1317.831 1 0 0.1250
1428 1318.423 1 0 0.1247
1429 1319.016 1 0 0.1280
1430 1319.609 1 2 0.1477
1431 1320.202 1 1 0.2035
1432 1320.796 1 0 0.1276
1433 1321.391 1 0 0.1299
1434 1321.986 1 0 0.1299
1435 1322.582 1 0 0.1352
1436 1323.178 1 0 0.1364
1437 1323.775 1 0 0.1723
1438 1324.372 1 1 0.2211
1439 1324.970 1 0 0.1398
1440 1325.568 1 0 0.1390
1441 1326.167 1 0 0.1374
1442 1326.766 1 0 0.1411
1443 1327.366 1 0 0.1423
1444 1327.967 1 0 0.1432
1445 1328.567 1 0 0.1455
1446 1329.169 1 0 0.1483
1447 1329.771 1 0 0.1487
1448 1330.373 1 0 0.1483
1449 1330.976 1 0 0.1493
1450 1331.580 1 0 0.1503
1451 1332.184 1 0 0.1563
1452 1332.788 1 0 0.1908
1453 1333.393 1 0 0.1545
1454 1333.999 1 1 0.2447
1455 1334.605 1 0 0.1569
1456 1335.212 1 0 0.1602
1457 1335.819 1 0 0.1608
1458 1336.427 1 2 0.2000
1459 1337.035 1 2 0.1886
1460 1337.644 1 2 0.1856
1461 1338.253 1 1 0.2453
1462 1338.863 1 0 0.1792
1463 1338.161 1 0 0.1019
1464 1338.669 1 0 0.1009
1465 1339.178 1 2 0.1509
1466 1339.687 1 1 0.1366
1467 1340.196 1 0 0.1053
1468 1340.706 1 0 0.0972
1469 1341.216 1 1 0.1383
1470 1341.727 1 0 0.0973
1471 1342.238 1 0 0.1077
1472 1342.749 1 0 0.0979
1473 1343.261 1 0 0.0925
1474 1343.773 1 0 0.0935
1475 1344.286 1 2 0.1286
1476 1344.799 1 1 0.1364
1477 1345.312 1 2 0.1439
1478 1345.826 1 0 0.1041
1479 1346.340 1 1 0.1334
1480 1346.855 1 0 0.0943
1481 1347.370 1 2 0.1265
1482 1347.886 1 0 0.1744
1483 1348.402 2 0 0.0919
1484 1348.918 2 0 0.0887
1485 1349.435 2 0 0.1118
1486 1349.952 2 2 0.1264
1487 1350.469 2 1 0.3131
1488 1350.987 2 2 0.2534
1489 1351.506 2 1 0.1575
1490 1352.025 2 1 0.2318
1491 1352.544 2 1 0.1271
1492 1353.063 2 2 0.2633
1493 1353.584 2 0 0.0895
1494 1354.104 1 1 0.1253
1495 1354.625 1 0 0.0934
1496 1355.146 1 1 0.1896
1497 1355.668 1 0 0.0880
1498 1356.190 1 1 0.1231
1499 1356.713 1 0 0.0864
1500 1357.236 1 1 0.1245
1501 1357.759 1 1 0.1225
1502 1358.283 1 0 0.0855
1503 1358.807 1 0 0.0851
1504 1359.332 1 0 0.0846
1505 1359.857 1 0 0.0926
1506 1360.383 1 0 0.0835
1507 1360.909 2 1 0.3692
1508 1361.435 1 2 0.1137
1509 1361.962 1 2 0.1138
1510 1362.489 1 0 0.0945
1511 1363.017 1 0 0.0943
1512 1363.545 1 1 0.1387
1513 1364.073 1 1 0.1177
1514 1364.602 1 0 0.0833
1515 1365.131 1 1 1.1376
1516 1365.661 1 0 0.0855
1517 1366.191 1 2 0.1586
1518 1366.722 1 0 0.0819
1519 1367.253 1 2 0.1180
1520 1367.785 1 0 0.0820
1521 1368.317 1 0 0.0827
1522 1368.849 1 0 0.0821
1523 1369.382 1 0 0.0828
1524 1369.915 1 0 0.0790
1525 1370.449 1 0 0.0794
1526 1370.983 1 0 0.0779
1527 1371.517 1 0 0.0861
1528 1372.052 1 0 0.0771
1529 1372.588 1 0 0.0791
1530 1373.123 1 0 0.0806
1531 1373.660 1 0 0.0817
1532 1374.196 1 0 0.0780
1533 1374.733 1 1 0.1566
1534 1375.271 1 0 0.0883
1535 1375.809 1 0 0.0758
1536 1376.347 1 0 0.0778
1537 1376.886 1 0 0.0770
1538 1377.425 1 1 0.1130
1539 1377.965 1 1 0.1106
1540 1378.505 1 0 0.0792
1541 1379.046 1 0 0.0780
1542 1379.587 1 1 0.1108
1543 1380.128 1 2 0.1041
1544 1380.670 1 0 0.0762
1545 1381.213 1 2 0.1069
1546 1381.756 1 0 0.0787
1547 1382.299 1 0 0.0811
1548 1382.842 1 0 0.0767
1549 1383.387 1 0 0.0836
1550 1383.931 1 0 0.0771
1551 1384.476 1 0 0.0763
1552 1385.022 1 0 0.1313
1553 1385.568 1 0 0.0776
1554 1386.114 1 0 0.0819
1555 1386.661 1 0 0.0785
1556 1387.208 1 0 0.0758
1557 1387.756 1 1 0.1085
1558 1388.304 1 1 0.1086
1559 1388.852 1 0 0.0779
1560 1389.401 1 0 0.0772
1561 1389.951 1 0 0.0774
1562 1390.501 1 0 0.0776
1563 1391.051 1 1 0.1075
1564 1391.602 1 0 0.0808
1565 1392.153 1 2 0.1020
1566 1392.705 1 0 0.0753
1567 1393.257 1 0 0.0822
1568 1393.810 1 0 0.0817
1569 1394.363 1 0 0.0780
1570 1394.916 1 0 0.0766
1571 1395.470 1 2 0.1033
1572 1396.025 1 0 0.0752
1573 1396.579 1 0 0.0827
1574 1397.135 1 0 0.0781
1575 1397.691 1 0 0.1019
1576 1398.247 1 0 0.0887
1577 1398.803 1 0 0.0771
1578 1399.361 1 1 0.1077
1579 1399.918 1 0 0.0915
1580 1400.476 1 0 0.0834
1581 1401.035 1 0 0.0762
1582 1401.594 1 0 0.0799
1583 1402.153 1 0 0.0775
1584 1402.713 1 1 0.1103
1585 1403.273 1 0 0.0798
1586 1403.834 1 0 0.0812
1587 1404.396 1 0 0.0776
1588 1404.957 1 0 0.0779
1589 1405.519 1 0 0.0841
1590 1406.082 1 1 0.1102
1591 1406.645 1 0 0.0771
1592 1407.209 1 2 0.1035
1593 1407.773 1 1 0.1106
1594 1408.337 1 0 0.0914
1595 1408.902 1 1 0.1351
1596 1409.468 1 2 0.1024
1597 1410.034 1 1 0.1118
1598 1410.600 1 0 0.0773
1599 1411.167 1 0 0.0776
1600 1411.734 1 1 0.1130
1601 1412.302 1 2 0.1024
1602 1412.870 1 0 0.0781
1603 1413.439 1 0 0.1002
1604 1414.008 1 0 0.0780
1605 1414.578 1 2 0.1258
1606 1415.148 1 0 0.0793
1607 1415.718 1 0 0.0896
1608 1416.289 1 0 0.0792
1609 1416.861 1 1 0.1127
1610 1417.433 1 2 0.1053
1611 1418.005 1 0 0.0852
1612 1418.578 1 0 0.0808
1613 1419.151 1 1 0.1318
1614 1419.725 1 0 0.0833
1615 1420.300 1 0 0.0793
1616 1420.874 1 0 0.0801
1617 1421.450 1 2 0.1092
1618 1422.026 1 0 0.0804
1619 1422.602 1 0 0.0921
1620 1423.178 1 0 0.0806
1621 1423.756 1 0 0.0840
1622 1424.333 1 0 0.0816
1623 1424.911 1 0 0.0822
1624 1425.490 1 2 0.1121
1625 1426.069 1 0 0.0809
1626 1426.649 1 0 0.0889
1627 1427.229 1 0 0.0825
1628 1427.809 1 0 0.0904
1629 1428.390 1 0 0.0816
1630 1428.972 1 0 0.0817
1631 1429.554 1 0 0.0849
1632 1430.136 1 0 0.0860
1633 1430.719 1 0 0.0862
1634 1431.303 1 0 0.0823
1635 1431.887 1 0 0.0819
1636 1432.471 1 1 0.1210
1637 1433.056 1 0 0.0859
1638 1433.641 1 0 0.0845
1639 1434.227 1 0 0.0846
1640 1434.814 1 0 0.0852
1641 1435.400 1 1 0.1264
1642 1435.988 1 0 0.1727
1643 1436.576 1 2 0.1168
1644 1437.164 1 1 0.1378
1645 1437.753 1 0 0.0880
1646 1438.342 1 0 0.0901
1647 1438.932 1 0 0.0907
1648 1439.522 1 0 0.1005
1649 1440.113 1 1 0.1343
1650 1440.704 1 0 0.1313
1651 1441.296 1 0 0.1223
1652 1441.888 1 2 0.1259
1653 1442.481 1 0 0.0968
1654 1443.074 1 2 0.1343
1655 1460.265 1 2 0.1230
1656 1460.873 1 0 0.0875
1657 1461.482 1 1 0.1049
1658 1462.091 1 0 0.0863
1659 1462.701 1 0 0.0867
1660 1463.311 1 0 0.0887
1661 1463.922 1 0 0.0993
1662 1464.533 1 0 0.1074
1663 1465.145 1 0 0.0827
1664 1465.758 1 0 0.0824
1665 1466.371 1 1 0.0977
1666 1466.984 1 0 0.0787
1667 1467.598 1 0 0.0847
1668 1468.212 1 0 0.0772
1669 1468.827 1 1 0.0929
1670 1469.443 1 1 0.0933
1671 1470.059 1 1 0.0933
1672 1470.675 2 1 9.9999
1673 1471.292 1 0 0.0745
1674 1471.910 1 0 0.0759
1675 1472.528 1 0 0.0734
1676 1473.146 1 1 0.0898
1677 1473.765 1 0 0.0732
1678 1474.385 1 0 0.0730
1679 1475.005 1 2 0.1067
1680 1475.625 1 0 0.0733
1681 1476.247 1 0 0.0727
1682 1476.868 1 0 0.0823
1683 1477.490 1 2 0.1174
1684 1478.113 1 1 0.0967
1685 1478.736 1 0 0.0786
1686 1479.360 1 0 0.0811
1687 1479.984 1 0 0.0799
1688 1480.609 1 0 0.0739
1689 1481.234 1 1 0.1307
1690 1481.860 1 2 0.3756
1691 1482.486 3 2 9.9999
1692 1483.113 1 0 0.0742
1693 1483.741 1 2 0.1117
1694 1484.369 1 1 0.0910
1695 1484.997 1 0 0.0733
1696 1485.626 1 0 0.0766
1697 1486.255 1 0 0.0720
1698 1486.885 1 1 0.0886
1699 1487.516 1 2 0.1072
1700 1488.147 1 0 0.0750
1701 1488.779 1 0 0.0731
1702 1489.411 1 1 0.0908
1703 1490.044 1 0 0.0733
1704 1490.677 1 0 0.0741
1705 1491.311 1 0 0.0731
1706 1491.945 1 0 0.0765
1707 1492.580 1 0 0.0831
1708 1493.215 1 0 0.0734
1709 1493.851 1 0 0.0751
1710 1494.487 1 0 0.0833
1711 1495.124 1 0 0.0770
1712 1495.762 2 1 0.7838
1713 1496.400 2 2 9.9999
1714 1497.038 1 0 0.0741
1715 1497.677 1 0 0.0855
1716 1498.317 1 0 0.0755
1717 1498.957 1 0 0.0756
1718 1499.598 1 0 0.0744
1719 1500.239 1 0 0.1044
1720 1500.881 1 1 0.0993
1721 1501.523 1 1 0.0936
1722 1502.166 1 1 0.0943
1723 1502.810 1 2 0.1203
1724 1503.454 1 0 0.1014
1725 1504.098 2 2 0.1798
1726 1504.743 2 0 0.1038
1727 1505.389 2 1 0.1220
1728 1506.035 2 2 9.9999
1729 1506.682 2 1 1.1847
1730 1507.329 3 1 9.9999
1731 1507.977 3 2 9.9999
1732 1508.625 2 1 0.4735
1733 1509.274 2 1 0.4392
1734 1509.924 2 1 0.5087
1735 1510.574 3 1 9.9999
1736 1511.224 2 2 9.9999
1737 1511.875 1 0 0.1054
1738 1512.527 1 1 0.1133
1739 1513.179 1 0 0.1133
1740 1513.832 1 1 0.1085
1741 1514.485 2 1 0.1504
1742 1515.139 1 0 0.0886
1743 1515.793 1 0 0.0894
1744 1516.448 1 0 0.0900
1745 1517.104 1 2 0.1366
1746 1517.760 1 0 0.2549
1747 1518.417 1 1 0.1142
1748 1519.074 1 0 0.0931
1749 1519.732 1 0 0.1086
1750 1520.390 1 0 0.0942
1751 1521.049 1 0 0.0939
1752 1521.708 1 0 0.1065
1753 1522.368 1 0 0.0956
1754 1523.029 1 0 0.0980
1755 1523.690 1 0 0.1050
1756 1524.352 1 0 0.0979
1757 1525.014 1 1 0.1183
1758 1525.677 1 0 0.0972
1759 1526.340 3 0 9.9999
1760 1527.004 1 0 0.0961
1761 1541.096 1 0 0.1179
1762 1541.772 1 0 0.1199
1763 1542.449 1 0 0.1200
1764 1543.126 1 0 0.1205
1765 1543.803 1 0 0.1474
1766 1544.482 1 0 0.1246
1767 1545.160 1 0 0.1278
1768 1545.840 1 0 0.1227
1769 1546.520 1 2 0.1932
1770 1547.200 1 0 0.1752
1771 1547.881 1 0 0.1304
1772 1548.563 1 2 0.1835
1773 1549.245 1 0 0.1313
1774 1549.928 1 2 0.1862
1775 1550.612 1 0 0.1290
1776 1551.296 1 0 0.1265
1777 1551.980 1 0 0.1259
1778 1552.666 1 0 0.1249
1779 1553.351 1 0 0.1289
1780 1554.038 1 0 0.1270
1781 1554.725 4 1 9.9999
1782 1555.412 1 2 0.1912
1783 1556.100 1 0 0.2961
1784 1556.789 1 2 0.1906
1785 1557.478 1 1 0.1594
1786 1558.168 2 2 1.3910
1787 1558.859 2 1 0.1674
1788 1559.550 4 1 9.9999
1789 1560.242 1 2 0.2137
1790 1560.934 1 2 0.1999
1791 1561.627 1 1 0.1676
1792 1562.320 3 0 9.9999
1793 1563.014 1 2 0.2276
1794 1563.709 1 0 0.1532
1795 1564.404 1 0 0.1514
1796 1565.100 1 1 0.1674
1797 1565.797 1 0 0.1556
1798 1566.494 1 0 0.1473
1799 1567.192 1 1 0.3835
1800 1567.890 1 0 0.1499
1801 1568.589 1 0 0.1537
1802 1569.288 1 2 9.9999
1803 1569.988 1 2 0.2267
1804 1570.689 1 0 0.1591
1805 1571.390 1 2 0.2230
1806 1572.092 1 0 0.1541
1807 1572.795 1 1 0.1841
1808 1573.498 1 0 0.1647
1809 1574.201 1 0 0.2209
1810 1574.906 1 0 0.1601
1811 1575.611 1 1 0.1959
1812 1576.316 1 2 0.4170
1813 1577.022 1 0 0.2025
1814 1577.729 1 0 0.1774
1815 1578.437 1 0 0.1742
1816 1579.145 1 0 0.1814
1817 1579.853 1 0 0.1810
1818 1580.562 1 2 0.2704
1819 1581.272 1 0 0.1821
1820 1581.983 1 1 0.2132
1821 1582.694 1 0 0.1878
1822 1583.405 1 0 0.1843
1823 1584.118 1 0 0.1884
1824 1584.831 1 0 0.1835
1825 1585.544 1 0 0.1962
1826 1586.258 1 0 0.1918
1827 1586.973 1 0 0.1983
1828 1587.688 1 0 0.2242
1829 1588.404 1 0 0.2111
1830 1589.121 1 0 0.1990
1831 1589.838 1 0 0.2170
1832 1590.556 1 0 0.3140
1833 1591.275 1 2 0.3274
1834 1591.994 1 0 0.2106
1835 1592.714 1 0 0.2253
1836 1593.434 1 2 0.3445
1837 1594.155 1 0 0.2321
1838 1594.877 1 0 0.2217
1839 1595.599 1 0 0.2353
1840 1596.322 1 0 0.2365
1841 1597.045 1 0 0.7423
1842 1597.769 1 1 0.2778
1843 1598.494 1 0 0.2453
1844 1599.220 1 0 0.2766
1845 1599.946 1 0 0.2592
1846 1600.672 1 0 0.2566
1847 1601.400 1 1 0.3057
1848 1602.128 1 0 0.2670
1849 1602.856 1 0 0.2852
1850 1603.586 1 0 0.2961
1851 1604.315 1 0 0.2943
1852 1605.046 1 0 0.2864
1853 1605.777 1 0 0.3160
1854 1606.509 1 0 0.3906
1855 1607.241 1 0 0.3752
1856 1607.974 1 0 0.3188
1857 1608.708 1 2 0.5160
1858 1609.442 1 0 0.3292
1859 1610.177 1 1 0.3698
1860 1610.913 1 2 0.4924
1861 1611.649 1 0 0.3547
1862 1612.386 1 0 0.3457
1863 1613.124 1 0 0.3562
1864 1613.862 1 0 0.3511
1865 2181.494 1 1 0.1200
1866 2182.400 1 1 0.1193
1867 2183.306 1 0 0.0882
1868 2184.213 1 1 0.1191
1869 2185.121 1 1 0.1217
1870 2186.030 1 0 0.0888
1871 2186.939 1 0 0.0876
1872 2187.850 1 0 0.0888
1873 2188.761 1 0 0.0873
1874 2189.672 1 1 0.1178
1875 2190.585 1 0 0.0893
1876 2191.498 1 0 0.0878
1877 2192.412 1 0 0.0875
1878 2193.326 1 2 0.1284
1879 2194.242 1 0 0.0885
1880 2195.158 1 2 0.1243
1881 2196.075 1 0 0.0898
1882 2196.992 1 0 0.0921
1883 2197.911 1 0 0.0929
1884 2198.830 1 0 0.0923
1885 2199.750 1 0 0.0933
1886 2200.671 1 0 0.0922
1887 2201.592 1 0 0.0971
1888 2202.514 1 0 0.0955
1889 2203.437 1 0 0.0982
1890 2204.361 1 1 0.1298
1891 2205.285 1 0 0.0961
1892 2206.211 1 0 0.0969
1893 2207.137 1 0 0.0979
1894 2208.063 1 0 0.0973
1895 2208.991 1 0 0.0982
1896 2209.919 1 1 0.1316
1897 2210.848 1 1 0.1318
1898 2211.778 1 1 0.1312
1899 2212.709 1 1 0.1319
1900 2213.640 1 0 0.0989
1901 2214.572 1 0 0.0976
1902 2215.505 1 0 0.0968
1903 2216.439 1 1 0.1342
1904 2217.373 1 0 0.0979
1905 2218.308 1 2 0.1355
1906 2219.244 1 0 0.0992
1907 2220.181 1 0 0.1001
1908 2221.118 1 0 0.0991
1909 2222.057 1 0 0.0997
1910 2222.996 1 0 0.1010
1911 2223.936 1 0 0.1002
1912 2224.876 1 0 0.1016
1913 2225.818 1 0 0.1027
1914 2226.760 1 0 0.1021
1915 2227.703 1 0 0.1028
1916 2228.647 1 0 0.1041
1917 2229.591 1 0 0.1043
1918 2230.536 1 0 0.1059
1919 2231.483 1 1 0.1464
1920 2232.429 1 0 0.1033
1921 2233.377 1 1 0.1460
1922 2234.326 3 1 9.9999
1923 2235.275 1 0 0.1079
1924 2236.225 1 0 0.1126
1925 2237.176 1 0 0.1087
1926 2238.127 1 0 0.1106
1927 2239.080 1 1 0.1510
1928 2240.033 1 0 0.1125
1929 2240.987 1 0 0.1133
1930 2241.942 1 0 0.1134
1931 2242.897 1 0 0.1137
1932 2243.853 1 0 0.1132
1933 2244.811 1 0 0.1282
1934 2245.769 1 0 0.1172
1935 2246.727 1 0 0.1188
1936 2247.687 1 0 0.1198
1937 2248.647 1 0 0.1300
1938 2249.608 1 0 0.1205
1939 2250.570 1 0 0.1196
1940 2251.533 1 0 0.1213
1941 2252.497 1 0 0.1227
1942 2253.461 1 0 0.1240
1943 2254.426 1 0 0.1233
1944 2255.392 1 2 0.1734
1945 2256.359 1 0 0.1288
1946 2257.326 1 0 2.7570
1947 2258.295 1 0 0.1279
1948 2259.264 1 0 0.1299
1949 2260.234 1 2 0.1834
1950 2261.205 1 0 0.1323
1951 2262.176 1 0 0.1329
1952 2263.149 1 0 0.1334
1953 2264.122 1 0 0.1346
1954 2265.096 1 0 0.1359
1955 2266.071 1 2 0.1917
1956 2267.047 1 0 0.1395
1957 2268.023 1 0 0.1382
1958 2269.000 1 0 0.1408
1959 2269.979 1 0 0.1448
1960 2270.958 1 0 0.1453
1961 2271.937 1 0 0.1454
1962 2272.918 1 0 0.1469
1963 2273.899 1 2 0.2059
1964 2274.882 1 0 0.1474
1965 2275.865 1 2 0.2174
1966 2276.848 1 0 0.1562
1967 2277.833 1 0 0.1561
1968 2278.819 1 0 0.1567
1969 2279.805 1 0 0.1557
1970 2280.792 1 0 0.1607
1971 2281.780 1 0 0.1652
1972 2282.769 1 0 0.1672
1973 2283.759 1 0 0.1701
1974 2284.749 1 0 0.1713
1975 2285.741 1 0 0.1710
1976 2286.733 1 0 0.1699
1977 2287.726 1 0 0.1720
1978 2288.720 1 2 0.2407
1979 2289.714 1 2 0.2492
1980 2290.710 1 0 0.1814
1981 2291.706 1 0 0.1846
1982 2292.703 1 0 0.1816
1983 2293.701 1 1 0.2488
1984 2294.700 1 0 0.1982
1985 2295.700 3 0 9.9999
1986 2296.701 1 0 0.1884
1987 2297.702 1 0 0.1932
1988 2298.704 1 0 0.1943
1989 2299.707 1 0 0.1961
1990 2300.711 1 0 0.2437
1991 2301.716 1 0 0.2044
1992 2302.722 1 0 0.2097
1993 2303.728 1 1 0.2824
1994 2304.735 1 0 0.2214
1995 2305.744 1 0 0.2162
1996 2306.753 1 0 0.2195
1997 2307.763 1 0 0.2223
1998 2308.773 1 0 0.2271
1999 2309.785 1 0 0.2341
2000 2310.797 1 0 0.2328
2001 2311.811 1 0 0.2398
2002 2312.825 1 0 0.2467
2003 2313.840 2 0 0.2545
2004 2314.856 2 0 0.2613
2005 2315.872 2 0 0.2689
2006 2316.890 2 2 0.3773
2007 2317.908 2 0 0.3070
2008 2318.928 2 0 0.4228
2009 2319.948 2 0 0.7528
2010 2320.969 2 0 9.9999
2011 2321.991 3 0 9.9999
2012 2323.014 4 0 9.9999
2013 2324.037 4 2 9.9999
2014 2325.062 4 2 9.9999
2015 2299.798 4 0 9.9999
2016 2300.703 4 0 9.9999
2017 2301.608 4 0 9.9999
2018 2302.514 3 2 1.3638
2019 2303.421 2 2 0.4382
2020 2304.329 2 0 0.2135
2021 2305.237 2 0 0.1713
2022 2306.146 2 1 0.2274
2023 2307.056 2 2 0.3101
2024 2307.966 2 0 0.1597
2025 2308.877 2 0 0.1585
2026 2309.789 1 0 0.1526
2027 2310.702 1 0 0.1546
2028 2311.616 1 0 0.1576
2029 2312.530 1 0 0.1516
2030 2313.445 1 0 0.1534
2031 2314.361 1 0 0.1526
2032 2315.277 1 0 0.1503
2033 2316.194 1 0 0.1541
2034 2317.112 1 0 0.1540
2035 2318.031 1 0 0.1527
2036 2318.950 1 0 0.1521
2037 2319.871 1 0 0.1527
2038 2320.792 1 0 0.1486
2039 2321.713 1 0 0.1510
2040 2322.636 1 0 0.1516
2041 2323.559 1 0 0.1488
2042 2324.483 1 0 0.1519
2043 2325.408 1 0 0.1530
2044 2326.333 1 0 0.1464
2045 2327.259 1 0 0.1475
2046 2328.186 1 0 0.1471
2047 2329.114 1 0 0.1485
2048 2330.043 1 0 0.1485
2049 2330.972 1 0 0.1465
2050 2331.902 1 0 0.1446
2051 2332.833 1 0 0.1483
2052 2333.765 1 0 0.1454
2053 2334.697 1 0 0.1490
2054 2335.630 1 0 0.1527
2055 2336.564 1 1 0.1903
2056 2337.499 1 0 0.1433
2057 2338.434 1 0 0.1409
2058 2339.370 1 0 0.1405
2059 2340.307 1 0 0.1431
2060 2341.245 1 0 0.1403
2061 2342.183 1 0 0.1443
2062 2343.123 1 2 0.1957
2063 2344.063 1 0 0.1366
2064 2345.003 1 0 0.1453
2065 2345.945 1 0 0.1370
2066 2346.887 1 0 0.1368
2067 2347.831 1 0 0.1356
2068 2348.774 1 0 0.1339
2069 2349.719 1 0 0.1427
2070 2350.665 1 0 0.1398
2071 2351.611 1 0 0.1455
2072 2352.558 1 2 0.1927
2073 2353.506 1 0 0.1348
2074 2354.454 1 0 0.1365
2075 2355.404 1 0 0.1383
2076 2356.354 1 0 0.1388
2077 2357.305 1 0 0.1394
2078 2358.257 1 0 0.1406
2079 2359.209 1 0 0.1404
2080 2360.162 1 0 0.1387
2081 2361.116 1 0 0.1426
2082 2362.071 1 0 0.1435
2083 2363.027 1 0 0.1403
2084 2363.983 1 0 0.1434
2085 2364.941 1 1 0.1883
2086 2365.899 1 1 0.1852
2087 2366.858 1 0 0.1376
2088 2367.817 1 2 0.1992
2089 2368.778 1 0 0.1447
2090 2369.739 1 0 0.1397
2091 2370.701 1 1 0.1863
2092 2371.664 1 0 0.1365
2093 2372.627 1 0 0.1377
2094 2373.592 1 0 0.1415
2095 2374.557 1 0 0.1401
2096 2375.523 1 0 0.1405
2097 2376.490 1 0 0.1363
2098 2377.457 1 0 0.1388
2099 2378.426 1 1 0.1850
2100 2379.395 1 1 0.1890
2101 2380.365 1 0 0.1492
2102 2381.336 1 2 0.2039
2103 2382.307 1 0 0.1422
2104 2383.280 1 0 0.1414
2105 2384.253 1 0 0.1412
2106 2385.227 1 0 0.1444
2107 2386.202 1 1 0.1962
2108 2387.177 1 1 0.1907
2109 2388.154 1 0 0.1438
2110 2389.131 1 0 0.1474
2111 2390.109 1 0 0.1477
2112 2391.088 1 0 0.1462
2113 2392.068 1 0 0.1487
2114 2393.048 1 0 0.1495
2115 2394.030 1 0 0.1458
2116 2395.012 1 0 0.1506
2117 2395.995 1 0 0.1559
2118 2396.979 1 0 0.1531
2119 2397.963 1 0 0.1583
2120 2398.949 1 0 0.1594
2121 2399.935 1 0 0.1546
2122 2400.922 1 0 0.1557
2123 2401.910 1 2 0.2255
2124 2402.899 1 0 0.1539
2125 2403.888 1 0 0.1549
2126 2404.879 1 0 0.1555
2127 2405.870 1 0 0.1552
2128 2406.862 1 0 0.1549
2129 2407.855 1 1 0.2071
2130 2408.849 1 0 0.1567
2131 2409.843 1 1 0.2068
2132 2410.839 1 0 0.1606
2133 2411.835 1 0 0.1607
2134 2412.832 1 0 0.1601
2135 2413.830 1 0 0.1591
2136 2414.828 1 0 2.8674
2137 2415.828 1 0 0.1649
2138 2416.828 1 0 0.1648
2139 2417.830 1 1 0.2250
2140 2418.832 1 0 0.1722
2141 2419.835 1 0 0.1720
2142 2420.838 1 2 0.2538
2143 2421.843 1 1 0.2270
2144 2422.848 1 0 0.1787
2145 2446.194 1 0 0.1768
2146 2447.219 1 0 0.1768
2147 2448.244 1 0 0.1838
2148 2449.270 1 0 0.1765
2149 2450.297 1 0 0.1834
2150 2451.325 1 0 0.1833
2151 2452.354 3 2 9.9999
2152 2453.383 1 0 0.1849
2153 2454.414 1 0 0.2135
2154 2455.445 1 2 0.2715
2155 2456.477 1 0 0.1882
2156 2457.510 1 0 0.1989
2157 2458.544 1 0 0.1892
2158 2459.578 1 0 0.1914
2159 2460.614 1 0 0.1856
2160 2461.650 1 0 0.2185
2161 2462.687 1 1 0.2669
2162 2463.725 1 0 0.1868
2163 2464.764 1 0 0.1878
2164 2465.804 1 0 0.1903
2165 2466.844 1 0 0.1994
2166 2467.886 1 0 0.1908
2167 2468.928 1 0 0.1993
2168 2469.971 1 1 0.2552
2169 2471.015 1 0 0.1925
2170 2472.060 1 0 0.1899
2171 2473.106 1 1 0.2698
2172 2474.153 1 2 0.2741
2173 2475.200 1 0 0.1920
2174 2476.249 1 0 0.2012
2175 2477.298 1 0 0.2010
2176 2478.348 1 0 0.2086
2177 2479.399 1 0 0.2058
2178 2480.451 1 0 0.2031
2179 2481.503 1 0 0.2067
2180 2482.557 1 0 0.2074
2181 2483.611 1 0 0.2097
2182 2484.667 1 0 0.2166
2183 2485.723 1 0 0.2164
2184 2486.780 1 2 0.2942
2185 2487.838 1 0 0.2217
2186 2488.897 1 2 0.3020
2187 2489.956 1 0 0.2242
2188 2491.017 1 0 0.2219
2189 2492.078 1 0 0.2253
2190 2493.141 1 1 0.3091
2191 2494.204 1 0 0.2232
2192 2495.268 1 0 0.2396
2193 2496.333 1 0 0.2335
2194 2497.399 1 0 0.2330
2195 2498.465 1 0 0.2440
2196 2499.533 1 0 0.2404
2197 2500.601 1 0 0.2411
2198 2501.671 1 0 0.2410
2199 2502.741 1 0 0.2482
2200 2503.812 1 0 0.2548
2201 2504.884 1 0 0.2562
2202 2505.957 1 0 0.2689
2203 2507.031 1 1 0.3502
2204 2508.106 1 0 0.2608
2205 2509.182 1 0 0.2667
2206 2510.258 1 0 0.2639
2207 2511.335 1 0 0.2765
2208 2512.414 1 0 0.2817
2209 2513.493 1 0 0.2959
2210 2514.573 1 0 0.2764
2211 2515.654 1 0 0.2771
2212 2516.736 1 0 0.2918
2213 2517.819 1 0 0.2906
2214 2518.903 1 0 0.2967
2215 2519.987 1 0 0.2896
2216 2521.073 1 1 0.3913
2217 2522.159 1 0 0.3058
2218 2523.247 1 0 0.3064
2219 2524.335 1 0 0.3150
2220 2525.424 1 0 0.3205
2221 2526.514 1 0 0.3168
2222 2527.605 1 0 0.3257
2223 2528.697 1 0 0.3344
2224 2529.790 1 0 0.3376
2225 2530.883 1 0 0.3430
2226 2531.978 1 0 0.3355
2227 2533.074 1 0 0.3527
2228 2534.170 1 0 0.3561
2229 2535.267 1 0 0.3558
2230 2536.366 1 0 0.3720
2231 2537.465 1 0 0.3624
2232 2538.565 1 2 0.5165
2233 2539.666 1 0 0.3891
2234 2540.768 1 0 0.3868
2235 2541.871 1 0 0.4129
2236 2542.975 1 0 0.4043
2237 2544.080 1 0 0.4087
2238 2545.185 2 1 0.5441
2239 2546.292 1 1 0.5688
2240 2547.399 1 0 0.4229
2241 2548.508 1 1 0.5843
2242 2549.617 1 1 0.5950
2243 2550.728 4 2 9.9999
2244 2551.839 1 0 0.5137
2245 2552.951 1 0 0.4490
2246 2554.064 1 0 0.4509
2247 2555.178 1 0 0.4831
2248 2556.293 1 0 0.4749
2249 2557.409 1 0 0.4795
2250 2558.526 1 0 0.4713
2251 2559.644 1 0 0.4880
2252 2560.763 1 0 0.5006
2253 2561.882 1 0 0.5206
2254 2563.003 2 0 0.6928
2255 2564.125 2 0 1.1248
2256 2565.247 3 0 9.9999
2257 2566.371 3 2 9.9999
2258 2567.495 4 0 9.9999
2259 2568.620 4 2 9.9999
2260 2569.747 4 0 9.9999
2261 2541.899 4 0 9.9999
2262 2542.904 4 0 9.9999
2263 2543.909 3 2 9.9999
2264 2544.916 2 0 9.9999
2265 2545.923 2 2 1.2216
2266 2546.931 2 0 0.5714
2267 2547.939 2 0 0.4020
2268 2548.949 2 0 0.3528
2269 2549.959 2 0 0.3546
2270 2550.971 2 0 0.3424
2271 2551.983 2 0 0.3342
2272 2552.995 2 0 0.3420
2273 2554.009 1 0 0.3413
2274 2555.024 1 0 0.3413
2275 2556.039 1 0 0.3373
2276 2557.055 1 0 0.3401
2277 2558.072 1 0 0.3409
2278 2559.090 1 0 0.3399
2279 2560.109 1 1 0.4391
2280 2561.128 1 0 0.3435
2281 2562.149 1 0 0.3313
2282 2563.170 1 0 0.3208
2283 2564.192 1 2 0.4774
2284 2565.215 1 0 0.3209
2285 2566.238 1 0 0.3541
2286 2567.263 1 0 0.3201
2287 2568.288 1 0 0.3186
2288 2569.315 1 0 0.9643
2289 2570.342 1 0 0.3271
2290 2571.370 1 0 0.3262
2291 2572.398 1 0 0.3235
2292 2573.428 1 0 0.3234
2293 2574.458 1 0 0.3171
2294 2575.490 1 0 0.3237
2295 2576.522 1 0 0.3279
2296 2577.555 1 0 0.3304
2297 2578.589 1 0 0.3195
2298 2579.624 1 0 0.3127
2299 2580.659 1 0 0.3147
2300 2581.696 1 0 0.3153
2301 2582.733 1 0 0.3262
2302 2583.771 1 0 0.3221
2303 2584.810 1 2 0.4254
2304 2585.850 1 0 0.3075
2305 2586.891 1 0 0.3230
2306 2587.932 1 0 0.3216
2307 2588.975 1 2 0.4344
2308 2590.018 1 2 0.4321
2309 2591.062 1 0 0.3119
2310 2592.107 1 0 0.3138
2311 2593.153 1 0 0.3136
2312 2594.200 1 0 0.3045
2313 2595.247 1 0 0.3098
2314 2596.296 1 0 0.3137
2315 2597.345 1 0 0.3122
2316 2598.395 1 1 0.4097
2317 2599.446 1 0 0.3126
2318 2600.498 1 0 0.3156
2319 2601.551 1 0 0.3106
2320 2602.605 1 0 0.3113
2321 2603.659 1 0 0.3102
2322 2604.715 1 0 0.3112
2323 2605.771 1 0 0.3146
2324 2606.828 1 0 0.3179
2325 2607.886 1 0 0.3507
2326 2608.945 1 0 0.3143
2327 2610.005 1 1 0.3982
2328 2611.066 1 0 0.3197
2329 2612.127 1 0 0.3147
2330 2613.190 1 0 0.3099
2331 2614.253 1 0 0.3125
2332 2615.317 1 0 0.3093
2333 2616.383 1 0 0.3098
2334 2617.449 1 0 0.3146
2335 2618.515 1 0 0.3119
2336 2619.583 1 0 0.3136
2337 2620.652 1 0 0.3072
2338 2621.721 1 0 0.3128
2339 2622.792 1 0 0.3155
2340 2623.863 1 0 0.3165
2341 2624.935 1 0 0.3088
2342 2626.009 1 0 0.3160
2343 2627.083 1 0 0.3175
2344 2628.157 1 0 0.3274
2345 2629.233 1 0 0.3183
2346 2630.310 1 0 0.3132
2347 2631.388 1 1 0.3996
2348 2632.466 1 0 0.3148
2349 2633.545 1 0 0.3053
2350 2634.626 1 0 0.3211
2351 2635.707 1 0 0.3151
2352 2636.789 1 0 0.3113
2353 2637.872 1 0 0.3318
2354 2638.956 1 1 0.4278
2355 2640.041 1 0 0.3210
2356 2641.126 1 1 0.4246
2357 2642.213 1 0 9.9999
2358 2643.301 1 0 0.3578
2359 2644.389 3 0 9.9999
2360 2645.478 1 0 0.3284
2361 2646.569 1 1 0.4443
2362 2647.660 1 2 0.4816
2363 2648.752 1 0 0.3471
2364 2649.845 1 2 0.5015
2365 2650.939 1 0 0.3598
2366 2652.034 1 1 0.4610
2367 2653.129 1 0 0.3752
2368 2654.226 1 2 0.5325
2369 2655.324 1 2 0.5100
2370 2656.422 1 0 0.3533
2371 2657.522 1 0 0.3707
2372 2658.622 1 0 0.3716
2373 2659.723 1 0 0.3810
2374 2660.825 1 0 0.3714
2375 2661.929 1 1 1.1777
2376 2663.033 1 0 0.3816
2377 2664.138 1 0 0.3873
2378 2665.244 1 2 0.5381
