% Subset of file: L1B.cal_prop.2002.09.17.v9.5.0.anc
%
% 1. Channel ID {AIRS PGE ID}
% 2. Frequency {wavenumbers}
% 3. Spectral Quality code:
%       1 = good
%       2 = OK but some problems
%       3 = poor
%       4 = useless
% 4. AB weight code:
%       0 = A and B equally weighted
%       1 = A-side only
%       2 = B-side only
% 5. NEdT250 {Kelvin}
%
%--- -------- - - ------
   1  649.620 1 0 0.6192
   2  649.858 1 0 0.6667
   3  650.097 1 0 0.6635
   4  650.335 1 0 0.6212
   5  650.574 1 0 0.5865
   6  650.814 1 0 0.6294
   7  651.053 1 0 0.6623
   8  651.293 1 0 0.6748
   9  651.532 1 0 0.6437
  10  651.772 1 0 0.6235
  11  652.012 1 0 0.6543
  12  652.253 2 0 0.6172
  13  652.493 2 0 0.5942
  14  652.734 1 0 0.6020
  15  652.975 1 0 0.6155
  16  653.216 1 0 0.6516
  17  653.457 1 0 0.6071
  18  653.699 1 0 0.6001
  19  653.940 1 0 0.5894
  20  654.182 1 0 0.5653
  21  654.424 1 0 0.6086
  22  654.666 1 0 0.5948
  23  654.909 1 0 0.6084
  24  655.151 1 0 0.5668
  25  655.394 1 0 0.5428
  26  655.637 1 0 0.6013
  27  655.880 1 0 0.5652
  28  656.124 1 0 0.5507
  29  656.367 1 0 0.5366
  30  656.611 1 0 0.5302
  31  656.855 1 0 0.5596
  32  657.099 1 0 0.5180
  33  657.343 1 0 0.5015
  34  657.588 1 0 0.5100
  35  657.833 1 0 0.5241
  36  658.078 1 0 0.5057
  37  658.323 1 0 0.4936
  38  658.568 1 0 0.5186
  39  658.813 1 0 0.4866
  40  659.059 1 0 0.4919
  41  659.305 1 0 0.4863
  42  659.551 1 0 0.4666
  43  659.797 1 0 0.4791
  44  660.044 1 0 0.4999
  45  660.291 1 0 0.4650
  46  660.537 1 0 0.4550
  47  660.784 1 0 0.4813
  48  661.032 2 0 0.4349
  49  661.279 2 0 0.4335
  50  661.527 1 0 0.4947
  51  661.775 1 0 0.4671
  52  662.023 1 0 0.4639
  53  662.271 1 0 0.4524
  54  662.519 1 0 0.4664
  55  662.768 1 0 0.4562
  56  663.017 1 0 0.4498
  57  663.266 1 0 0.4338
  58  663.515 1 0 0.4573
  59  663.765 1 0 0.4425
  60  664.014 1 0 0.4595
  61  664.264 1 0 0.4462
  62  664.514 1 0 0.4334
  63  664.764 1 0 0.4373
  64  665.015 1 0 0.4245
  65  665.265 1 0 0.4260
  66  665.516 1 0 0.4137
  67  665.767 1 0 0.4259
  68  666.018 1 0 0.4392
  69  666.270 1 0 0.4301
  70  666.521 1 0 0.3856
  71  666.773 1 0 0.4168
  72  667.025 1 0 0.4108
  73  667.277 1 0 0.4176
  74  667.530 1 0 0.4099
  75  667.782 1 0 0.4113
  76  668.035 1 0 0.4025
  77  668.288 1 0 0.4022
  78  668.541 1 0 0.4039
  79  668.795 1 0 0.4169
  80  669.049 1 0 0.4098
  81  669.302 1 0 0.4066
  82  669.556 1 0 0.3859
  83  669.811 1 0 0.3977
  84  670.065 1 0 0.4822
  85  670.320 1 0 0.4241
  86  670.575 1 0 0.4133
  87  670.830 1 0 0.3817
  88  671.085 1 0 0.4140
  89  671.340 1 0 0.3866
  90  671.596 1 0 0.3928
  91  671.852 1 0 0.4108
  92  672.108 1 0 0.4054
  93  672.364 1 0 0.4081
  94  672.621 1 0 0.4350
  95  672.878 1 0 0.4238
  96  673.134 1 0 0.3790
  97  673.392 1 0 0.3830
  98  673.649 1 0 0.4068
  99  673.906 1 0 0.3979
 100  674.164 1 0 0.4063
 101  674.422 1 0 0.4157
 102  674.680 1 0 0.4324
 103  674.939 1 0 0.4082
 104  675.197 1 0 0.4190
 105  675.456 1 0 0.4435
 106  675.715 1 0 0.3956
 107  675.974 1 0 0.4400
 108  676.233 1 0 0.4145
 109  676.493 1 0 0.4061
 110  676.753 1 0 0.4334
 111  677.013 1 0 0.4348
 112  677.273 1 0 0.3987
 113  677.533 1 0 0.3884
 114  677.794 1 0 0.4274
 115  678.055 1 0 0.4079
 116  678.316 1 0 0.4216
 117  678.577 1 0 0.4384
 118  678.839 1 0 0.3965
 119  679.100 1 0 0.4181
 120  679.362 1 0 0.4439
 121  679.625 2 0 0.3137
 122  679.887 2 0 0.3141
 123  680.149 1 0 0.3925
 124  680.412 1 0 0.4180
 125  680.675 1 0 0.4092
 126  680.938 1 0 0.4064
 127  681.202 1 0 0.4178
 128  681.465 1 0 0.4263
 129  681.729 1 0 0.4166
 130  681.993 1 0 0.3776
 131  687.601 1 0 0.3421
 132  687.871 2 0 0.2072
 133  688.140 2 0 0.2058
 134  688.410 2 0 0.2065
 135  688.680 1 0 0.3407
 136  688.950 1 0 0.3293
 137  689.220 1 0 0.3357
 138  689.491 1 0 0.3392
 139  689.762 1 0 0.3427
 140  690.033 1 0 0.3402
 141  690.304 1 0 0.3477
 142  690.575 1 0 0.3322
 143  690.847 1 0 0.3138
 144  691.119 1 0 0.3088
 145  691.391 1 0 0.3516
 146  691.664 1 0 0.3272
 147  691.936 1 0 0.3472
 148  692.209 1 0 0.3292
 149  692.482 1 0 0.3306
 150  692.755 1 0 0.3559
 151  693.029 1 0 0.3568
 152  693.302 1 0 0.3250
 153  693.576 1 0 0.3331
 154  693.850 1 0 0.3226
 155  694.125 1 0 0.3180
 156  694.399 1 0 0.3078
 157  694.674 1 0 0.3206
 158  694.949 1 0 0.3132
 159  695.225 1 0 0.2984
 160  695.500 1 0 0.3159
 161  695.776 1 0 0.2948
 162  696.052 1 0 0.3203
 163  696.328 1 0 0.3166
 164  696.604 1 0 0.3153
 165  696.881 1 0 0.3077
 166  697.158 1 0 0.2942
 167  697.435 1 0 0.2941
 168  697.712 1 0 0.3103
 169  697.990 1 0 0.2739
 170  698.267 1 0 0.2768
 171  698.545 1 0 0.2875
 172  698.823 1 0 0.2738
 173  699.102 1 0 0.2700
 174  699.381 1 0 0.2954
 175  699.659 1 0 0.2823
 176  699.939 1 0 0.2817
 177  700.218 1 0 0.2818
 178  700.497 1 0 0.2702
 179  700.777 1 0 0.2760
 180  701.057 1 0 0.2760
 181  701.338 1 0 0.2717
 182  701.618 1 0 0.2837
 183  701.899 1 0 0.2732
 184  702.180 1 0 0.2696
 185  702.461 1 0 0.2843
 186  702.742 1 0 0.2844
 187  703.024 1 0 0.2758
 188  703.306 1 0 0.2809
 189  703.588 1 0 0.2705
 190  703.870 1 0 0.2745
 191  704.153 1 0 0.2648
 192  704.436 1 0 0.2785
 193  704.719 1 0 0.2644
 194  705.002 1 0 0.2745
 195  705.285 1 0 0.2605
 196  705.569 1 0 0.2518
 197  705.853 1 0 0.2509
 198  706.137 1 0 0.2481
 199  706.422 1 0 0.2583
 200  706.706 1 0 0.2691
 201  706.991 1 0 0.2528
 202  707.276 1 0 0.2574
 203  707.562 1 0 0.2703
 204  707.847 1 0 0.2578
 205  708.133 1 0 0.2547
 206  708.419 1 0 0.2446
 207  708.706 1 0 0.2842
 208  708.992 1 0 0.2985
 209  709.279 1 0 0.3086
 210  709.566 1 0 0.2912
 211  709.853 1 0 0.2491
 212  710.141 1 0 0.2411
 213  710.428 1 0 0.2526
 214  710.716 1 0 0.2439
 215  711.005 1 0 0.2512
 216  711.293 1 0 0.2589
 217  711.582 1 0 0.2665
 218  711.871 1 0 0.2442
 219  712.160 1 0 0.2531
 220  712.449 1 0 0.2495
 221  712.739 1 0 0.2541
 222  713.029 1 0 0.2388
 223  713.319 1 0 0.2351
 224  713.609 1 0 0.2383
 225  713.900 1 0 0.2427
 226  714.191 1 0 0.2308
 227  714.482 1 0 0.2332
 228  714.773 1 0 0.2426
 229  715.065 1 0 0.2426
 230  715.356 1 0 0.2439
 231  715.648 1 0 0.2384
 232  715.941 1 0 0.2538
 233  716.233 1 0 0.2325
 234  716.526 1 0 0.2420
 235  716.819 1 0 0.2434
 236  717.112 1 0 0.2379
 237  717.406 1 0 0.2366
 238  717.700 4 0 9.9999
 239  717.994 1 0 0.2340
 240  718.288 1 0 0.2494
 241  718.582 1 0 0.2227
 242  718.877 1 0 0.2471
 243  719.172 1 0 0.2378
 244  719.467 1 0 0.2558
 245  719.763 1 0 0.2437
 246  720.058 1 0 0.2384
 247  720.354 1 0 0.2495
 248  720.651 1 0 0.2501
 249  720.947 1 0 0.2355
 250  721.244 1 0 0.2434
 251  721.541 1 0 0.2516
 252  721.838 1 0 0.2494
 253  722.135 1 0 0.2363
 254  722.433 1 0 0.2322
 255  722.731 1 0 0.2397
 256  723.029 1 0 0.2383
 257  723.328 1 0 0.2360
 258  723.626 1 0 0.2411
 259  723.925 1 0 0.2562
 260  724.224 1 0 0.2420
 261  724.524 1 0 0.2379
 262  724.823 1 0 0.2385
 263  725.123 1 0 0.2643
 264  725.424 1 0 0.2539
 265  725.724 1 0 0.2403
 266  726.025 1 0 0.2711
 267  726.326 1 0 0.2586
 268  726.627 1 0 0.2544
 269  726.928 1 0 0.2708
 270  727.230 1 0 0.2861
 271  727.532 1 0 0.2927
 272  727.834 1 0 0.2717
 273  728.137 1 0 0.2984
 274  728.439 1 0 0.2585
 275  728.055 1 0 0.2387
 276  728.357 1 2 1.3281
 277  728.660 1 2 0.5506
 278  728.963 1 2 0.3493
 279  729.266 1 0 0.2322
 280  729.569 1 2 0.3637
 281  729.873 1 2 0.3529
 282  730.177 1 2 0.3633
 283  730.481 1 0 0.2483
 284  730.785 1 1 0.4053
 285  731.090 1 0 0.3206
 286  731.395 1 0 0.2403
 287  731.700 1 1 0.3298
 288  732.005 2 1 0.7151
 289  732.311 1 1 0.3423
 290  732.617 1 1 0.4548
 291  732.923 2 1 1.2391
 292  733.229 1 2 0.3567
 293  733.536 1 1 0.3388
 294  733.843 1 1 0.3400
 295  734.150 1 1 0.3359
 296  734.458 1 0 0.2540
 297  734.765 1 0 0.2467
 298  735.073 1 0 0.2377
 299  735.381 1 0 0.2358
 300  735.690 1 0 0.2327
 301  735.999 1 1 0.3423
 302  736.308 1 0 0.2704
 303  736.617 1 2 0.5560
 304  736.926 1 1 0.3419
 305  737.236 1 0 0.4639
 306  737.546 1 0 0.2351
 307  737.856 1 2 0.3892
 308  738.167 1 0 0.3389
 309  738.477 1 2 0.3543
 310  738.788 1 2 0.3891
 311  739.100 1 1 0.3327
 312  739.411 1 0 0.3943
 313  739.723 1 1 0.3352
 314  740.035 1 1 0.3293
 315  740.347 1 2 0.3443
 316  740.660 1 0 0.2557
 317  740.973 1 0 0.2473
 318  741.286 1 2 0.4273
 319  741.599 1 2 0.3654
 320  741.913 1 2 0.4229
 321  742.227 1 2 0.5625
 322  742.541 1 1 0.3244
 323  742.855 1 2 0.3380
 324  743.170 2 2 6.6170
 325  743.485 1 1 0.3254
 326  743.800 1 1 0.4196
 327  744.116 1 2 0.3752
 328  744.431 1 1 0.3302
 329  744.747 1 1 0.3422
 330  745.064 1 1 0.3781
 331  745.380 1 1 0.3365
 332  745.697 1 2 0.3528
 333  746.014 1 0 0.2476
 334  746.331 1 0 0.2281
 335  746.649 1 0 0.2722
 336  746.967 1 1 0.3221
 337  747.285 1 0 0.2455
 338  747.603 1 2 0.3437
 339  747.922 1 2 0.3459
 340  748.241 1 0 0.5340
 341  748.560 1 1 0.3110
 342  748.879 1 2 7.1886
 343  749.199 1 2 0.3483
 344  749.519 1 0 0.2412
 345  749.839 1 0 0.2364
 346  750.160 2 1 0.3169
 347  750.481 1 0 0.2382
 348  750.802 1 0 0.3062
 349  751.123 1 1 0.3295
 350  751.445 2 2 2.9442
 351  751.767 1 2 0.3501
 352  752.089 1 2 0.3216
 353  752.411 1 1 6.0961
 354  752.734 1 2 0.3291
 355  753.057 1 1 0.3169
 356  753.380 1 1 0.3330
 357  753.703 1 0 0.2218
 358  754.027 1 2 0.3957
 359  754.351 1 2 0.3198
 360  754.676 1 0 0.2585
 361  755.000 1 0 0.2459
 362  755.325 1 0 0.2457
 363  755.650 1 2 0.6812
 364  755.976 1 0 0.3146
 365  756.301 1 2 0.3923
 366  756.627 1 1 0.3036
 367  756.954 1 0 0.4354
 368  757.280 1 2 0.4262
 369  757.607 1 0 0.2168
 370  757.934 1 2 0.4504
 371  758.261 1 1 0.3067
 372  758.589 1 0 0.2418
 373  758.917 1 0 0.2247
 374  759.245 1 1 9.9999
 375  759.573 1 0 0.2254
 376  759.902 1 2 0.3315
 377  760.231 1 0 0.4067
 378  760.561 1 0 0.2294
 379  760.890 1 1 0.6972
 380  761.220 1 0 0.2969
 381  761.550 2 2 1.0933
 382  761.881 1 1 0.3400
 383  762.211 1 0 0.2465
 384  762.542 1 2 0.3352
 385  762.873 1 0 0.2364
 386  763.205 1 1 0.2985
 387  763.537 1 0 0.2085
 388  763.869 1 0 0.2757
 389  764.201 1 1 0.2918
 390  764.534 1 1 0.2950
 391  764.867 2 1 1.3607
 392  765.200 1 1 0.2997
 393  765.534 1 2 0.3408
 394  765.867 1 2 0.3242
 395  766.201 1 0 0.3186
 396  766.536 1 2 2.9900
 397  766.870 1 1 0.3086
 398  767.205 2 1 0.3435
 399  767.541 1 1 0.3122
 400  767.876 1 2 0.3376
 401  768.212 1 2 0.3473
 402  768.548 2 1 2.6790
 403  768.884 1 2 0.3772
 404  769.221 2 1 0.3885
 405  769.558 1 2 1.0166
 406  769.895 1 0 0.2370
 407  770.233 1 1 0.3218
 408  770.570 1 2 0.3715
 409  770.909 1 2 0.3719
 410  771.247 1 2 0.3585
 411  771.586 1 0 0.4093
 412  771.925 2 1 1.1136
 413  772.264 1 0 0.5272
 414  772.603 1 1 0.3206
 415  772.943 1 1 0.5894
 416  773.283 1 1 0.3330
 417  773.624 1 2 0.3700
 418  773.964 1 2 0.3397
 419  774.305 1 2 0.3767
 420  774.647 1 2 0.5534
 421  774.988 1 2 0.5011
 422  775.330 1 1 0.3403
 423  775.672 1 1 0.3081
 424  776.015 1 2 0.3914
 425  776.357 1 0 0.2847
 426  776.700 1 1 0.3755
 427  777.044 1 1 0.4354
 428  777.387 2 1 4.7210
 429  777.731 1 1 0.3947
 430  778.076 1 0 0.3492
 431  778.420 1 1 0.6541
 432  778.765 1 0 1.9901
 433  779.110 1 2 0.3613
 434  779.455 1 0 0.3764
 435  779.801 1 2 0.3685
 436  780.147 1 1 0.4139
 437  780.493 1 0 0.2558
 438  780.840 1 0 0.2250
 439  781.187 1 0 0.2315
 440  781.534 1 1 1.8605
 441  781.882 1 0 0.2364
 442  789.263 1 0 0.9131
 443  789.616 1 2 0.3873
 444  789.971 1 1 0.3943
 445  790.325 1 0 0.2467
 446  790.680 1 0 0.2902
 447  791.035 1 2 0.8576
 448  791.390 1 1 0.4211
 449  791.745 1 0 0.2517
 450  792.101 1 0 0.2678
 451  792.457 2 0 0.2904
 452  792.814 1 2 0.4210
 453  793.171 1 0 0.2503
 454  793.528 1 1 0.3678
 455  793.885 1 2 0.3888
 456  794.243 1 2 0.3990
 457  794.601 1 1 1.1229
 458  794.959 1 0 0.3405
 459  795.318 1 1 0.3532
 460  795.677 1 2 1.1557
 461  796.036 1 2 1.3164
 462  796.396 1 2 0.3881
 463  796.756 2 1 7.1873
 464  797.116 2 2 0.5473
 465  797.477 1 0 0.2806
 466  797.837 1 1 0.3557
 467  798.199 1 0 0.2623
 468  798.560 2 2 0.4134
 469  798.922 1 0 0.2449
 470  799.284 1 2 0.4023
 471  799.646 1 1 0.3716
 472  800.009 1 0 0.2633
 473  800.372 1 0 0.2669
 474  800.735 2 2 1.3537
 475  801.099 1 0 0.2565
 476  801.463 1 2 0.3814
 477  801.827 2 2 0.3856
 478  802.192 1 0 0.2591
 479  802.557 1 0 0.2496
 480  802.922 1 0 0.2593
 481  803.288 1 1 0.3722
 482  803.654 1 0 0.2800
 483  804.020 1 2 0.4283
 484  804.386 1 1 0.4671
 485  804.753 1 0 0.2760
 486  805.120 1 0 0.2585
 487  805.488 2 0 2.0153
 488  805.856 1 1 0.3284
 489  806.224 1 2 0.5224
 490  806.592 3 1 0.4477
 491  806.961 2 1 0.6153
 492  807.330 1 1 0.4068
 493  807.699 1 1 0.3601
 494  808.069 4 1 9.9999
 495  808.439 3 1 4.4175
 496  808.809 1 1 0.3396
 497  809.180 1 1 0.3234
 498  809.551 1 1 0.3912
 499  809.922 2 1 0.3629
 500  810.294 2 1 2.0497
 501  810.666 1 1 0.3167
 502  811.038 2 1 0.4070
 503  811.411 1 2 0.3908
 504  811.784 1 0 0.3458
 505  812.157 1 2 0.4133
 506  812.531 1 2 0.6326
 507  812.905 2 0 0.5520
 508  813.279 1 2 0.5683
 509  813.654 1 0 0.3072
 510  814.029 1 2 0.5048
 511  814.404 1 0 0.3423
 512  814.779 1 0 1.2221
 513  815.155 1 0 0.3312
 514  815.532 1 1 0.5356
 515  815.908 1 2 0.5360
 516  816.285 1 2 0.4297
 517  816.662 1 0 0.2899
 518  817.040 1 1 0.3321
 519  817.418 1 2 0.4041
 520  817.796 1 0 0.2556
 521  818.175 1 0 0.2445
 522  818.553 1 0 0.2998
 523  818.933 1 1 0.3188
 524  819.312 1 1 0.3705
 525  819.692 2 2 2.8256
 526  820.072 1 2 0.4387
 527  820.453 1 0 0.2878
 528  820.834 1 0 0.2817
 529  821.215 1 1 0.3174
 530  821.597 1 2 0.3856
 531  821.978 2 2 2.4921
 532  822.361 1 1 0.3252
 533  822.743 1 1 0.4633
 534  823.126 1 0 0.4666
 535  823.509 1 2 6.5254
 536  823.893 1 0 0.2506
 537  824.277 2 1 1.1660
 538  824.661 1 1 0.3302
 539  825.046 1 2 0.3917
 540  825.431 1 0 0.2628
 541  825.816 1 0 0.2496
 542  826.202 1 2 0.4123
 543  826.587 1 0 0.4782
 544  826.974 1 1 0.3562
 545  827.360 1 0 0.2453
 546  827.747 1 0 0.2817
 547  828.135 1 0 0.2777
 548  828.522 1 0 0.2683
 549  828.910 1 2 0.4064
 550  829.299 1 2 0.6504
 551  829.687 1 0 0.3060
 552  830.076 1 0 0.2702
 553  830.466 1 0 0.2710
 554  830.856 1 1 0.3537
 555  831.246 1 1 0.3620
 556  831.636 1 2 0.4130
 557  832.027 1 1 0.3723
 558  832.418 1 1 0.3859
 559  832.809 1 1 0.3541
 560  833.201 1 1 0.3617
 561  833.593 1 2 2.1877
 562  833.986 1 1 0.3429
 563  834.379 1 2 0.4661
 564  834.772 1 0 0.3336
 565  835.166 1 0 0.3440
 566  835.559 1 1 0.4260
 567  835.954 1 1 0.4239
 568  836.348 1 1 0.4450
 569  836.743 1 1 0.5260
 570  837.139 1 2 0.4154
 571  837.534 1 1 0.7732
 572  837.930 1 0 0.2819
 573  838.327 1 0 0.3270
 574  838.723 1 1 0.4476
 575  839.120 1 1 0.4091
 576  839.518 1 1 0.3860
 577  839.916 1 0 0.3075
 578  840.314 1 0 0.2874
 579  840.712 1 1 0.3899
 580  841.111 1 0 0.3061
 581  841.510 1 1 0.4993
 582  841.910 2 1 6.5364
 583  842.310 1 1 0.7677
 584  842.710 1 0 0.3008
 585  843.111 1 0 0.3196
 586  843.512 1 2 1.3218
 587  843.913 1 0 0.3025
 588  844.315 1 1 0.4506
 589  844.717 1 2 1.7963
 590  845.119 1 0 0.7733
 591  845.522 1 1 0.4804
 592  845.925 1 0 0.3043
 593  846.329 1 0 0.4141
 594  846.732 1 1 0.4277
 595  847.137 1 0 0.3109
 596  847.541 1 2 0.8069
 597  847.946 1 1 0.9048
 598  848.352 2 2 1.8573
 599  848.757 1 1 0.5704
 600  849.163 1 0 0.4058
 601  849.570 1 2 0.4934
 602  849.977 1 1 0.7284
 603  850.384 4 1 4.4031
 604  850.791 2 2 0.7671
 605  851.199 1 1 0.6145
 606  851.607 1 2 0.5236
 607  852.016 1 0 0.3556
 608  852.425 4 1 0.5264
 609  851.490 1 0 0.4276
 610  851.797 2 2 0.6169
 611  852.104 2 2 0.5649
 612  852.411 2 0 0.3934
 613  852.718 1 0 0.3861
 614  853.026 1 0 0.3706
 615  853.334 2 1 0.5568
 616  853.642 1 0 0.3537
 617  853.950 1 0 0.3581
 618  854.259 1 0 0.3482
 619  854.568 1 0 0.3333
 620  854.877 2 2 0.4628
 621  855.186 1 0 0.3196
 622  855.495 4 0 9.9999
 623  855.805 2 1 0.4759
 624  856.115 2 0 0.3152
 625  856.426 1 1 0.5075
 626  856.736 1 1 0.4701
 627  857.047 1 0 0.3278
 628  857.358 1 0 0.3026
 629  857.669 2 0 0.3262
 630  857.981 2 0 0.3887
 631  858.293 2 1 0.4737
 632  858.605 1 0 0.3334
 633  858.917 1 0 0.3079
 634  859.229 1 2 0.4155
 635  859.542 1 0 0.2968
 636  859.855 3 2 0.9889
 637  860.168 1 0 0.2895
 638  860.482 1 0 0.2994
 639  860.795 1 1 0.4249
 640  861.109 1 0 0.2748
 641  861.424 1 1 0.3929
 642  861.738 1 2 0.3607
 643  862.053 1 0 0.2697
 644  862.368 1 2 0.3549
 645  862.683 1 2 0.3984
 646  862.998 1 0 0.2289
 647  863.314 1 0 0.2356
 648  863.630 1 0 0.2489
 649  863.946 1 0 0.2240
 650  864.263 1 0 0.2241
 651  864.579 1 1 0.3359
 652  864.896 1 0 0.2940
 653  865.214 1 0 0.2161
 654  865.531 1 0 0.2129
 655  865.849 1 0 0.2077
 656  866.167 1 2 0.2924
 657  866.485 1 0 0.2281
 658  866.803 1 2 0.2987
 659  867.122 1 1 0.3243
 660  867.441 1 0 0.2399
 661  867.760 1 0 0.1957
 662  868.080 1 0 0.1936
 663  868.399 1 0 0.1978
 664  868.719 1 2 0.8046
 665  869.040 1 0 0.1913
 666  869.360 1 1 0.2957
 667  869.681 1 0 0.1934
 668  870.002 1 0 0.2039
 669  870.323 1 1 0.3070
 670  870.645 1 2 0.2790
 671  870.966 1 2 0.2706
 672  871.288 1 0 0.1887
 673  871.611 1 0 0.1901
 674  871.933 1 0 0.1837
 675  872.256 1 0 0.1809
 676  872.579 1 0 0.1891
 677  872.902 1 2 0.2734
 678  873.226 1 1 0.8499
 679  873.550 1 0 0.1798
 680  873.874 1 1 0.2875
 681  874.198 4 1 9.9999
 682  874.523 2 1 0.2828
 683  874.847 1 1 0.2639
 684  875.173 1 2 0.2395
 685  875.498 1 0 0.2054
 686  875.823 1 2 0.2348
 687  876.149 1 2 0.2296
 688  876.475 2 2 4.6144
 689  876.802 1 0 0.1582
 690  877.128 1 1 0.2520
 691  877.455 1 0 0.1595
 692  877.783 1 0 0.1563
 693  878.110 1 0 0.1550
 694  878.438 1 2 0.2235
 695  878.766 1 0 0.1652
 696  879.094 1 1 0.2403
 697  879.422 1 2 0.2204
 698  879.751 1 0 0.1608
 699  880.080 1 0 0.1552
 700  880.409 1 0 0.1512
 701  880.739 1 0 0.1539
 702  881.069 1 2 0.2160
 703  881.399 1 0 0.1630
 704  881.729 1 0 0.1488
 705  882.060 1 0 0.1579
 706  882.390 1 1 0.2725
 707  882.721 1 0 0.1599
 708  883.053 1 0 0.1659
 709  883.384 1 2 0.2103
 710  883.716 1 2 0.2226
 711  884.049 1 2 0.2076
 712  884.381 1 0 0.1450
 713  884.714 1 0 0.1822
 714  885.047 1 0 0.1442
 715  885.380 1 0 0.1610
 716  885.713 1 1 0.3907
 717  886.047 1 0 0.1846
 718  886.381 1 0 0.1379
 719  886.715 1 0 0.2121
 720  887.050 1 1 0.2316
 721  887.385 1 0 0.1438
 722  887.720 1 0 0.1359
 723  888.055 1 1 0.3862
 724  888.391 1 0 0.1395
 725  888.727 1 0 0.2042
 726  889.063 1 0 0.1340
 727  889.399 1 2 0.1987
 728  889.736 1 0 0.1376
 729  890.073 1 2 0.1889
 730  890.410 1 0 0.1371
 731  890.748 1 1 0.2117
 732  891.086 1 0 0.1368
 733  891.424 1 1 5.1535
 734  891.762 1 0 0.1467
 735  892.101 1 0 0.1374
 736  892.440 4 1 5.0180
 737  892.779 1 0 0.1946
 738  893.118 1 0 0.1382
 739  893.458 1 1 0.1984
 740  893.798 1 2 0.1937
 741  894.138 1 2 0.2030
 742  894.479 1 2 0.9647
 743  894.820 1 2 0.2064
 744  895.161 1 1 0.2190
 745  895.502 1 2 0.1904
 746  895.844 1 2 0.1848
 747  896.185 1 0 1.5974
 748  896.528 1 2 0.1862
 749  896.870 3 0 3.0342
 750  897.213 2 1 0.2851
 751  897.556 1 0 0.1300
 752  897.899 1 2 0.1790
 753  898.243 3 0 2.2234
 754  898.586 1 1 0.2043
 755  898.931 1 1 9.9999
 756  899.275 1 1 0.4402
 757  899.620 1 0 0.1237
 758  899.965 1 0 0.1258
 759  900.310 1 2 0.1755
 760  900.655 1 2 0.2857
 761  901.001 1 0 0.1348
 762  901.347 3 1 1.2381
 763  901.694 1 2 0.1642
 764  902.040 1 1 0.1798
 765  902.387 1 2 0.5285
 766  902.734 1 1 0.1743
 767  903.082 1 2 0.1546
 768  903.429 1 1 0.6059
 769  903.777 1 1 0.1663
 770  911.235 1 1 0.4873
 771  911.590 1 2 0.2145
 772  911.945 1 2 0.2360
 773  912.301 2 1 0.4567
 774  912.656 1 1 0.2863
 775  913.012 1 1 0.2090
 776  913.369 1 0 0.1385
 777  913.725 1 2 0.1887
 778  914.082 1 0 0.1517
 779  914.439 1 0 0.1307
 780  914.796 1 0 0.1292
 781  915.154 1 0 0.1277
 782  915.512 1 0 0.1310
 783  915.870 4 2 9.9999
 784  916.229 1 2 0.1785
 785  916.588 1 0 0.1221
 786  916.947 1 0 0.1128
 787  917.306 1 0 0.1099
 788  917.666 1 0 0.1442
 789  918.026 1 0 0.1356
 790  918.386 2 1 0.2292
 791  918.747 1 0 0.1241
 792  919.108 1 2 0.1542
 793  919.469 1 2 0.1623
 794  919.830 1 2 0.1463
 795  920.192 1 2 0.1661
 796  920.554 1 0 0.1016
 797  920.917 1 0 0.1008
 798  921.279 1 0 0.1295
 799  921.642 1 1 0.1510
 800  922.005 1 2 3.3384
 801  922.369 1 1 0.1574
 802  922.733 1 2 2.7520
 803  923.097 2 2 3.3819
 804  923.461 1 0 0.0983
 805  923.826 1 0 0.0992
 806  924.191 2 2 1.0094
 807  924.556 1 1 0.1477
 808  924.922 1 1 0.1897
 809  925.288 1 1 0.1534
 810  925.654 1 0 0.1000
 811  926.021 1 2 0.1421
 812  926.387 1 0 0.1008
 813  926.754 1 1 0.1616
 814  927.122 1 1 0.1388
 815  927.490 1 2 0.2538
 816  927.858 1 0 0.1255
 817  928.226 2 1 0.1430
 818  928.594 1 0 0.0929
 819  928.963 1 0 0.0917
 820  929.333 1 1 0.1626
 821  929.702 1 0 0.0908
 822  930.072 1 0 0.0927
 823  930.442 1 0 0.1087
 824  930.812 1 2 0.1639
 825  931.183 1 1 0.1376
 826  931.554 3 2 4.9130
 827  931.925 1 1 0.1688
 828  932.297 1 2 1.7758
 829  932.669 1 2 0.1738
 830  933.041 1 0 0.0879
 831  933.414 2 1 0.4357
 832  933.787 3 1 0.7809
 833  934.160 1 1 0.1362
 834  934.533 1 2 9.9999
 835  934.907 1 1 0.1464
 836  935.281 1 0 0.1084
 837  935.655 2 0 6.5044
 838  936.030 1 1 0.1306
 839  936.405 1 2 0.1218
 840  936.780 1 0 0.0912
 841  937.156 1 2 0.1822
 842  937.532 1 2 0.8952
 843  937.908 1 2 0.1268
 844  938.285 1 1 0.1392
 845  938.662 1 2 0.1200
 846  939.039 1 0 0.0937
 847  939.416 1 2 0.1350
 848  939.794 1 1 0.1302
 849  940.172 1 2 3.1745
 850  940.550 1 0 0.0931
 851  940.929 1 1 0.1276
 852  941.308 1 0 0.1155
 853  941.688 1 2 0.1247
 854  942.067 1 1 0.1310
 855  942.447 1 2 0.1237
 856  942.827 1 1 0.2937
 857  943.208 1 1 0.1405
 858  943.589 1 1 0.1285
 859  943.970 2 2 1.0569
 860  944.352 1 0 0.0837
 861  944.733 1 2 0.1191
 862  945.116 1 0 0.0920
 863  945.498 1 2 0.2629
 864  945.881 1 2 0.1212
 865  946.264 1 2 0.4171
 866  946.647 1 2 0.2854
 867  947.031 4 0 2.7299
 868  947.415 1 2 0.9997
 869  947.800 1 1 0.1333
 870  948.184 1 1 0.1326
 871  948.569 1 1 0.1641
 872  948.955 1 0 0.1215
 873  949.340 1 1 0.1270
 874  949.726 1 0 0.0872
 875  950.113 3 0 9.9999
 876  950.499 3 1 3.7382
 877  950.886 1 2 0.1239
 878  951.273 2 2 4.6090
 879  951.661 1 1 0.1293
 880  952.049 2 2 0.5381
 881  952.437 1 1 0.1352
 882  952.825 1 1 0.1302
 883  953.214 1 1 1.0767
 884  953.604 1 1 1.6851
 885  953.993 3 0 1.8703
 886  954.383 1 1 0.1381
 887  954.773 2 2 2.9168
 888  955.163 1 2 0.1163
 889  955.554 2 2 4.7499
 890  955.945 1 0 0.0878
 891  956.337 1 1 0.3113
 892  956.729 2 1 5.2276
 893  957.121 1 0 0.0856
 894  957.513 3 0 1.4991
 895  957.906 1 1 0.1289
 896  958.299 1 0 0.1382
 897  958.692 1 1 0.1331
 898  959.086 1 2 0.2176
 899  959.480 3 0 1.9311
 900  959.874 1 2 0.1171
 901  960.269 1 2 9.9999
 902  960.664 1 2 0.1209
 903  961.060 1 2 0.1152
 904  961.455 1 2 0.1144
 905  961.851 1 1 0.1490
 906  962.248 2 1 2.3284
 907  962.644 3 2 9.9999
 908  963.041 1 2 0.1214
 909  963.439 1 0 0.0875
 910  963.836 1 2 0.1150
 911  964.234 1 0 0.5755
 912  964.633 2 2 6.8376
 913  965.031 1 1 0.1449
 914  965.430 1 2 0.1329
 915  965.830 3 2 1.7035
 916  966.229 1 1 0.1263
 917  966.630 1 2 0.1121
 918  967.030 1 1 0.1314
 919  967.431 1 1 3.6000
 920  967.832 2 2 0.2610
 921  968.233 1 0 0.2809
 922  968.635 2 1 2.3988
 923  969.037 1 1 3.7810
 924  969.439 1 2 0.1091
 925  969.842 1 2 0.5358
 926  970.245 1 1 0.1225
 927  970.648 1 1 0.1226
 928  971.052 1 2 0.1157
 929  971.456 1 0 0.0844
 930  971.860 1 2 0.1419
 931  972.265 1 1 0.2920
 932  972.670 1 0 0.0914
 933  973.075 1 2 0.1343
 934  973.481 1 1 1.3540
 935  973.887 1 2 0.1136
 936  974.294 1 2 0.1083
 937  973.818 3 1 2.5652
 938  974.225 1 2 0.1209
 939  974.631 2 1 0.4147
 940  975.039 2 2 1.1442
 941  975.446 1 0 0.1631
 942  975.854 3 1 3.3525
 943  976.262 2 2 1.4465
 944  976.670 1 0 0.0853
 945  977.079 2 1 0.3306
 946  977.488 1 0 0.0998
 947  977.898 4 1 9.9999
 948  978.308 1 1 0.1216
 949  978.718 2 1 0.8139
 950  979.128 1 0 0.0965
 951  979.539 1 2 0.1226
 952  979.950 2 1 0.4205
 953  980.362 1 1 0.1213
 954  980.774 2 0 1.1079
 955  981.186 1 0 0.1207
 956  981.599 1 1 2.8682
 957  982.011 1 1 9.9999
 958  982.425 1 1 0.1896
 959  982.838 1 0 0.1344
 960  983.252 1 1 0.1274
 961  983.667 1 2 0.1783
 962  984.081 4 0 9.9999
 963  984.496 1 0 0.0792
 964  984.912 1 0 0.0794
 965  985.327 4 1 9.9999
 966  985.743 1 2 0.4123
 967  986.160 1 1 0.1213
 968  986.576 1 0 0.1035
 969  986.993 1 1 0.1282
 970  987.411 2 2 0.8344
 971  987.829 1 1 0.1368
 972  988.247 1 2 0.1026
 973  988.665 1 1 0.1819
 974  989.084 3 1 7.4563
 975  989.503 4 1 9.9999
 976  989.923 1 1 0.1346
 977  990.343 1 0 0.1386
 978  990.763 1 2 0.1010
 979  991.183 2 2 0.1027
 980  991.604 1 1 0.2196
 981  992.026 4 1 9.9999
 982  992.447 1 0 0.0761
 983  992.869 1 2 0.1317
 984  993.292 1 2 0.1036
 985  993.714 1 0 0.0888
 986  994.137 1 0 0.0798
 987  994.561 1 0 0.0761
 988  994.984 1 1 0.1208
 989  995.409 1 2 0.1027
 990  995.833 4 1 9.9999
 991  996.258 1 2 0.1710
 992  996.683 1 0 0.1024
 993  997.109 1 1 0.2147
 994  997.535 1 1 0.1315
 995  997.961 1 0 0.3107
 996  998.387 1 0 0.0827
 997  998.814 1 0 0.0817
 998  999.242 1 1 0.1210
 999  999.670 1 0 0.0787
1000 1000.098 1 1 0.1255
1001 1000.526 1 2 0.1157
1002 1000.955 1 0 0.0757
1003 1001.384 1 1 0.1387
1004 1001.813 1 0 0.0743
1005 1002.243 1 2 0.1014
1006 1002.674 1 0 0.1241
1007 1003.104 2 2 0.1128
1008 1003.535 1 2 0.0977
1009 1003.966 1 2 0.0969
1010 1004.398 1 0 0.1153
1011 1004.830 1 0 0.0881
1012 1005.263 1 0 0.0831
1013 1005.695 1 0 0.0818
1014 1006.129 1 2 0.1505
1015 1006.562 1 2 0.1121
1016 1006.996 1 2 0.1673
1017 1007.430 1 2 0.0974
1018 1007.865 1 0 0.0714
1019 1008.300 1 1 0.1163
1020 1008.735 1 0 0.0948
1021 1009.171 3 1 9.9999
1022 1009.607 1 2 0.0975
1023 1010.044 1 2 0.2057
1024 1010.480 1 0 0.0954
1025 1010.918 1 0 0.0799
1026 1011.355 1 0 0.0838
1027 1011.793 1 0 0.1106
1028 1012.231 1 0 0.1094
1029 1012.670 1 0 0.0731
1030 1013.109 1 1 0.1156
1031 1013.549 1 0 0.0774
1032 1013.988 1 0 0.0971
1033 1014.429 1 2 0.0994
1034 1014.869 1 1 0.1194
1035 1015.310 1 2 0.1258
1036 1015.751 1 0 0.1131
1037 1016.193 1 0 0.0808
1038 1016.635 1 2 0.1079
1039 1017.078 1 1 0.1202
1040 1017.520 1 0 0.0921
1041 1017.964 1 1 0.1513
1042 1018.407 1 0 0.1021
1043 1018.851 1 2 0.1033
1044 1019.296 1 1 0.1220
1045 1019.740 1 1 0.1228
1046 1020.185 1 0 0.0780
1047 1020.631 1 1 0.1205
1048 1021.077 1 2 0.1000
1049 1021.523 1 1 0.2807
1050 1021.969 1 0 0.0965
1051 1022.416 1 2 0.2825
1052 1022.864 1 2 0.1529
1053 1023.312 1 2 0.1084
1054 1023.760 1 2 0.2532
1055 1024.208 1 1 0.1314
1056 1024.657 1 0 0.1038
1057 1025.106 1 1 0.1392
1058 1025.556 1 2 0.1083
1059 1026.006 1 0 0.1625
1060 1026.457 1 2 0.1130
1061 1026.907 1 0 0.1329
1062 1027.359 1 2 0.1091
1063 1027.810 2 1 0.2173
1064 1028.262 1 2 0.1090
1065 1028.715 1 0 0.0998
1066 1029.167 1 1 9.9999
1067 1029.620 1 0 0.0932
1068 1030.074 2 2 0.1133
1069 1030.528 1 0 0.1114
1070 1030.982 1 0 0.0894
1071 1031.437 1 0 0.0846
1072 1031.892 1 0 0.0927
1073 1032.347 2 0 0.0891
1074 1032.803 1 0 0.0897
1075 1033.260 1 0 0.0886
1076 1033.716 2 1 0.1403
1077 1034.173 1 1 0.1391
1078 1034.631 1 0 0.1003
1079 1035.089 1 2 0.1211
1080 1035.547 1 0 0.1448
1081 1036.005 1 0 0.0972
1082 1036.465 1 0 0.1398
1083 1036.924 1 2 0.1198
1084 1037.384 1 0 0.0896
1085 1037.844 1 2 0.1322
1086 1038.305 1 0 0.0920
1087 1038.766 1 1 0.1500
1088 1039.227 1 2 0.1200
1089 1039.689 1 0 0.1163
1090 1040.151 1 0 0.0988
1091 1040.614 2 2 0.1200
1092 1041.077 1 0 0.1632
1093 1041.540 1 2 0.8219
1094 1042.004 2 0 0.1017
1095 1042.468 1 1 1.8836
1096 1042.933 1 0 0.2703
1097 1043.398 1 0 0.1080
1098 1043.863 1 0 0.1150
1099 1044.329 1 1 0.1536
1100 1044.795 1 0 0.0933
1101 1045.262 1 2 0.1795
1102 1045.729 2 1 0.1506
1103 1046.196 1 0 0.1006
1104 1056.075 1 2 0.1609
1105 1056.551 1 2 0.1900
1106 1057.027 1 0 0.1251
1107 1057.504 1 2 0.1680
1108 1057.981 1 0 0.1242
1109 1058.459 4 1 9.9999
1110 1058.936 1 2 0.1636
1111 1059.415 1 1 0.2282
1112 1059.893 1 0 0.1289
1113 1060.372 1 0 0.1203
1114 1060.852 1 2 0.1629
1115 1061.332 1 1 0.2149
1116 1061.812 1 0 0.1960
1117 1062.293 1 0 0.1185
1118 1062.774 1 0 0.1170
1119 1063.256 1 0 0.1172
1120 1063.738 1 2 0.5409
1121 1064.220 1 0 0.1184
1122 1064.703 1 2 0.1522
1123 1065.186 1 0 0.1110
1124 1065.670 1 0 0.1167
1125 1066.154 1 1 9.9999
1126 1066.639 1 2 0.1632
1127 1067.124 1 0 0.1128
1128 1067.609 2 2 0.1488
1129 1068.095 1 0 0.1073
1130 1068.581 1 0 0.1100
1131 1069.067 1 0 0.1109
1132 1069.554 1 0 0.1394
1133 1070.042 1 0 0.1087
1134 1070.530 1 2 0.1493
1135 1071.018 1 0 0.1168
1136 1071.507 1 0 0.1339
1137 1071.996 1 0 0.1123
1138 1072.485 1 2 0.1546
1139 1072.975 1 0 0.1186
1140 1073.466 1 0 0.1255
1141 1073.957 1 2 0.1951
1142 1074.448 1 0 0.1224
1143 1074.940 1 0 0.1169
1144 1075.432 1 2 0.1673
1145 1075.924 1 0 0.1306
1146 1076.417 1 2 0.1736
1147 1076.911 1 0 0.1180
1148 1077.404 2 0 2.0866
1149 1077.899 2 2 0.2912
1150 1078.393 1 0 0.1212
1151 1078.888 1 0 0.1239
1152 1079.384 1 0 0.1222
1153 1079.880 1 0 0.1359
1154 1080.376 1 1 0.2109
1155 1080.873 1 1 0.2329
1156 1081.370 1 1 0.2100
1157 1081.868 1 1 0.2578
1158 1082.366 1 1 0.2086
1159 1082.865 1 0 0.1204
1160 1083.364 1 2 0.1757
1161 1083.863 1 2 0.1773
1162 1084.363 1 0 0.1315
1163 1084.863 1 0 0.1256
1164 1085.364 1 0 0.1262
1165 1085.865 1 2 0.1824
1166 1086.367 1 1 0.4932
1167 1086.869 2 1 0.2168
1168 1087.371 1 1 0.2234
1169 1087.874 1 2 0.1782
1170 1088.378 1 0 0.1288
1171 1088.881 1 0 0.1241
1172 1089.386 1 0 0.1283
1173 1089.890 1 2 1.4551
1174 1090.395 1 0 0.1264
1175 1090.901 1 0 0.1242
1176 1091.407 1 2 0.1788
1177 1091.913 1 0 0.1787
1178 1092.420 1 0 0.1275
1179 1092.928 1 1 0.2198
1180 1093.435 1 0 0.1277
1181 1093.944 1 2 0.1909
1182 1094.452 1 0 0.1373
1183 1094.961 1 1 0.2197
1184 1095.471 1 2 0.1882
1185 1095.981 1 2 0.2580
1186 1096.491 1 2 0.1935
1187 1097.002 1 0 0.1317
1188 1097.514 1 0 0.1326
1189 1098.025 1 0 0.1446
1190 1098.538 1 1 0.2491
1191 1099.050 1 2 0.1991
1192 1099.563 1 1 0.4095
1193 1100.077 3 0 2.1269
1194 1100.591 1 0 0.1381
1195 1101.106 1 1 0.2353
1196 1101.621 1 2 0.2065
1197 1102.136 1 2 0.2207
1198 1102.652 2 2 0.3759
1199 1103.168 1 2 0.2095
1200 1103.685 1 0 0.1868
1201 1104.202 1 0 0.1475
1202 1104.720 1 0 0.1469
1203 1105.238 3 0 2.5499
1204 1105.756 1 1 0.2518
1205 1106.276 1 2 0.2369
1206 1106.795 1 0 0.1541
1207 1107.315 1 1 0.2738
1208 1107.835 1 1 9.9999
1209 1108.356 1 1 0.2625
1210 1108.878 2 0 9.9999
1211 1109.399 1 2 0.2326
1212 1109.922 1 2 0.2620
1213 1110.444 1 0 0.1730
1214 1110.968 1 1 0.2665
1215 1111.491 1 2 0.2674
1216 1112.015 1 1 2.5039
1217 1112.540 1 1 0.2778
1218 1113.065 1 0 0.1614
1219 1113.590 1 0 0.1650
1220 1114.116 1 2 0.2514
1221 1114.643 1 0 0.1720
1222 1115.170 2 2 0.2424
1223 1115.697 1 2 0.2478
1224 1116.225 2 2 0.2519
1225 1116.753 2 1 0.2513
1226 1117.282 1 0 0.2179
1227 1117.811 1 2 0.2527
1228 1118.341 1 2 0.2685
1229 1118.871 1 2 0.2644
1230 1119.402 1 0 0.2846
1231 1119.933 1 1 0.3208
1232 1120.464 1 1 0.3000
1233 1120.996 1 1 0.3041
1234 1121.529 1 0 0.1844
1235 1122.062 1 1 0.3189
1236 1122.595 1 0 0.1901
1237 1123.129 1 2 0.3130
1238 1123.664 1 2 0.2821
1239 1124.199 1 0 0.2569
1240 1124.734 4 1 9.9999
1241 1125.270 1 2 0.3017
1242 1125.806 1 1 6.8793
1243 1126.343 1 1 0.3256
1244 1126.880 1 2 0.3722
1245 1127.418 1 2 0.3154
1246 1127.956 3 1 3.7989
1247 1128.495 1 0 0.2145
1248 1129.034 1 1 0.3335
1249 1129.574 1 2 0.3077
1250 1130.114 1 2 0.3140
1251 1130.655 1 0 0.2211
1252 1131.196 1 2 0.3168
1253 1131.738 1 0 0.2148
1254 1132.280 1 1 0.3787
1255 1132.822 1 2 0.3553
1256 1133.365 1 2 0.3450
1257 1133.909 1 0 0.2319
1258 1134.453 1 2 0.3347
1259 1134.997 1 0 0.2360
1260 1135.542 1 0 0.2438
1261 1136.088 1 0 0.2488
1262 1136.634 1 2 0.3749
1263 1216.974 1 0 0.0906
1264 1217.481 1 1 0.1361
1265 1217.988 1 0 0.0879
1266 1218.496 1 0 0.1034
1267 1219.004 1 0 0.0856
1268 1219.513 1 0 0.0845
1269 1220.022 1 0 0.0837
1270 1220.531 1 0 0.0831
1271 1221.041 1 0 0.0843
1272 1221.552 1 1 0.1408
1273 1222.063 1 1 0.1347
1274 1222.574 1 1 0.1355
1275 1223.085 1 0 0.0885
1276 1223.597 1 0 0.0871
1277 1224.110 1 2 0.0957
1278 1224.623 1 1 0.1346
1279 1225.136 1 2 0.0929
1280 1225.650 4 0 9.9999
1281 1226.164 2 0 0.0836
1282 1226.679 2 0 0.0833
1283 1227.194 2 2 0.2510
1284 1227.709 1 1 0.1290
1285 1228.225 1 0 0.0858
1286 1228.742 1 2 0.0898
1287 1229.258 2 1 0.1333
1288 1229.775 2 0 0.0813
1289 1230.293 2 0 0.0806
1290 1230.811 2 0 0.0788
1291 1231.330 2 0 0.0795
1292 1231.849 2 0 0.0792
1293 1232.368 2 0 0.0879
1294 1232.888 2 0 0.0821
1295 1233.408 2 0 0.0770
1296 1233.929 2 0 0.0774
1297 1234.450 2 1 0.1269
1298 1234.971 2 0 0.0808
1299 1235.493 2 0 0.0790
1300 1236.016 1 0 0.0818
1301 1236.538 1 0 0.0798
1302 1237.062 1 0 0.0815
1303 1237.585 1 0 0.0933
1304 1238.110 1 0 0.0788
1305 1238.634 1 0 0.0817
1306 1239.159 1 2 0.0877
1307 1239.685 1 0 0.0791
1308 1240.211 1 1 0.1557
1309 1240.737 1 0 0.0808
1310 1241.264 1 2 0.0895
1311 1241.791 1 2 0.0947
1312 1242.319 1 0 0.0944
1313 1242.847 1 2 0.1034
1314 1243.375 1 0 0.0894
1315 1243.904 1 0 0.0913
1316 1244.434 1 0 0.0821
1317 1244.964 1 0 0.0868
1318 1245.494 1 0 0.0857
1319 1246.025 1 0 0.0852
1320 1246.556 1 2 0.0946
1321 1247.088 1 0 0.0873
1322 1247.620 1 1 0.1321
1323 1248.152 1 0 0.0922
1324 1248.685 1 2 0.0934
1325 1249.219 1 2 0.1036
1326 1249.753 1 0 0.0841
1327 1250.287 1 2 0.0951
1328 1250.822 1 2 0.2542
1329 1251.357 1 0 0.0856
1330 1251.893 1 0 0.0861
1331 1252.429 1 0 0.0901
1332 1252.966 1 0 0.0873
1333 1253.503 1 0 0.0867
1334 1254.040 1 0 0.0870
1335 1254.578 1 0 0.0921
1336 1255.116 1 0 0.0884
1337 1255.655 1 2 0.1112
1338 1256.195 1 1 0.1377
1339 1256.734 1 1 0.1419
1340 1257.275 1 0 0.0874
1341 1257.815 1 0 0.0866
1342 1258.357 1 1 0.1416
1343 1258.898 1 0 0.0863
1344 1259.440 1 0 0.0898
1345 1259.983 1 0 0.0904
1346 1260.526 1 0 0.0873
1347 1261.069 1 0 0.0935
1348 1261.613 1 0 0.0882
1349 1262.157 1 0 0.0924
1350 1262.702 1 2 0.1022
1351 1263.247 3 2 9.9999
1352 1263.793 1 0 0.1010
1353 1264.339 1 2 0.1093
1354 1264.886 2 2 0.1663
1355 1265.433 2 1 9.9999
1356 1265.981 1 0 0.1050
1357 1266.529 1 0 0.0928
1358 1267.077 1 0 0.1045
1359 1267.626 1 0 0.1012
1360 1268.176 1 0 0.0939
1361 1268.726 1 0 0.0963
1362 1269.276 1 0 0.0984
1363 1269.827 1 0 0.1533
1364 1270.378 1 0 0.0986
1365 1270.930 1 0 0.0952
1366 1271.482 1 0 0.0996
1367 1272.035 1 0 0.1021
1368 1272.588 1 1 0.1605
1369 1284.348 1 0 0.1016
1370 1284.911 1 2 0.1045
1371 1285.475 1 0 0.1030
1372 1286.039 1 0 0.1261
1373 1286.604 1 0 0.1067
1374 1287.169 1 0 0.1031
1375 1287.735 1 0 0.1109
1376 1288.301 1 0 0.1053
1377 1288.868 1 0 0.1043
1378 1289.435 1 2 0.1093
1379 1290.003 1 2 0.1094
1380 1290.571 1 2 0.1251
1381 1291.139 1 2 0.1170
1382 1291.709 1 2 0.1105
1383 1292.278 1 0 0.1069
1384 1292.848 1 0 0.1077
1385 1293.419 1 0 0.1075
1386 1293.990 1 0 0.1143
1387 1294.561 1 2 0.1140
1388 1295.133 1 0 0.1120
1389 1295.706 1 0 0.1140
1390 1296.279 1 1 0.1818
1391 1296.853 1 0 0.1100
1392 1297.427 1 0 0.1155
1393 1298.001 1 0 0.1108
1394 1298.576 1 0 0.1126
1395 1299.151 1 0 0.1171
1396 1299.727 1 2 0.1220
1397 1300.304 1 2 0.7301
1398 1300.881 1 2 0.1608
1399 1301.458 3 2 9.9999
1400 1302.036 1 1 0.1805
1401 1302.615 1 0 0.1149
1402 1303.194 1 0 0.1150
1403 1303.773 1 0 0.1194
1404 1304.353 1 0 0.1154
1405 1304.934 1 2 0.1191
1406 1305.515 1 0 0.1153
1407 1306.096 1 0 0.1177
1408 1306.678 1 2 0.1276
1409 1307.260 1 0 0.1180
1410 1307.843 1 0 0.1183
1411 1308.427 1 0 0.1220
1412 1309.011 1 0 0.1215
1413 1309.595 1 0 0.1265
1414 1310.180 1 0 0.1233
1415 1310.766 1 0 0.1269
1416 1311.352 1 0 0.1306
1417 1311.938 1 0 0.1285
1418 1312.525 1 0 0.1247
1419 1313.113 1 1 0.2052
1420 1313.701 1 2 0.1351
1421 1314.289 1 0 0.1287
1422 1314.878 1 0 0.1295
1423 1315.468 1 0 0.1309
1424 1316.058 1 0 0.1330
1425 1316.648 1 1 0.2174
1426 1317.239 1 0 0.1344
1427 1317.831 1 0 0.1356
1428 1318.423 1 0 0.1352
1429 1319.016 1 0 0.1376
1430 1319.609 1 2 0.1415
1431 1320.202 1 1 0.2399
1432 1320.796 1 0 0.1391
1433 1321.391 1 0 0.1394
1434 1321.986 1 0 0.1412
1435 1322.582 1 0 0.1492
1436 1323.178 1 0 0.1506
1437 1323.775 1 0 0.1485
1438 1324.372 1 1 0.2926
1439 1324.970 1 0 0.1505
1440 1325.568 1 0 0.1500
1441 1326.167 1 0 0.1490
1442 1326.766 1 0 0.1520
1443 1327.366 1 0 0.1542
1444 1327.967 1 0 0.1551
1445 1328.567 1 0 0.1593
1446 1329.169 1 0 0.1612
1447 1329.771 1 0 0.1618
1448 1330.373 1 0 0.1615
1449 1330.976 1 0 0.1615
1450 1331.580 1 0 0.1626
1451 1332.184 1 0 0.1690
1452 1332.788 1 0 0.2211
1453 1333.393 1 0 0.1682
1454 1333.999 1 1 0.2831
1455 1334.605 1 0 0.1703
1456 1335.212 1 0 0.1732
1457 1335.819 1 0 0.1743
1458 1336.427 1 2 0.1897
1459 1337.035 1 2 0.1826
1460 1337.644 1 2 0.1776
1461 1338.253 1 1 0.2848
1462 1338.863 1 0 0.1811
1463 1338.161 1 0 0.0982
1464 1338.669 1 0 0.0973
1465 1339.178 1 2 0.1463
1466 1339.687 1 0 0.1013
1467 1340.196 1 1 0.1331
1468 1340.706 1 0 0.0938
1469 1341.216 1 1 0.1328
1470 1341.727 1 0 0.0939
1471 1342.238 1 0 0.0977
1472 1342.749 1 0 0.0935
1473 1343.261 1 0 0.0896
1474 1343.773 1 0 0.0900
1475 1344.286 1 2 0.1273
1476 1344.799 1 1 0.1359
1477 1345.312 1 2 0.1369
1478 1345.826 1 2 0.1211
1479 1346.340 1 1 0.1320
1480 1346.855 1 0 0.1079
1481 1347.370 1 2 0.1221
1482 1347.886 1 0 0.1086
1483 1348.402 2 0 0.0890
1484 1348.918 2 0 0.0856
1485 1349.435 2 2 0.1117
1486 1349.952 2 2 0.1374
1487 1350.469 2 1 0.2459
1488 1350.987 2 2 0.2418
1489 1351.506 2 1 0.1516
1490 1352.025 2 2 0.4953
1491 1352.544 2 1 0.1205
1492 1353.063 2 2 0.2267
1493 1353.584 2 0 0.0902
1494 1354.104 1 1 0.1202
1495 1354.625 1 0 0.0855
1496 1355.146 1 1 0.1407
1497 1355.668 1 0 0.0854
1498 1356.190 1 1 0.1178
1499 1356.713 1 0 0.0831
1500 1357.236 1 1 0.1199
1501 1357.759 1 1 0.1171
1502 1358.283 1 0 0.0819
1503 1358.807 1 0 0.0868
1504 1359.332 1 0 0.0813
1505 1359.857 1 0 0.0907
1506 1360.383 1 0 0.0799
1507 1360.909 2 1 0.4500
1508 1361.435 1 2 0.1101
1509 1361.962 1 2 0.1086
1510 1362.489 1 0 0.0881
1511 1363.017 1 0 0.0997
1512 1363.545 1 2 0.2298
1513 1364.073 1 1 0.1114
1514 1364.602 1 0 0.0791
1515 1365.131 1 2 0.6680
1516 1365.661 1 0 0.0795
1517 1366.191 1 2 0.1220
1518 1366.722 1 0 0.0780
1519 1367.253 1 2 0.1083
1520 1367.785 1 0 0.0784
1521 1368.317 1 0 0.0778
1522 1368.849 1 0 0.0756
1523 1369.382 1 0 0.0775
1524 1369.915 1 0 0.0749
1525 1370.449 1 0 0.0750
1526 1370.983 1 0 0.0750
1527 1371.517 1 0 0.0786
1528 1372.052 1 0 0.0733
1529 1372.588 1 0 0.0737
1530 1373.123 1 0 0.0761
1531 1373.660 1 0 0.0789
1532 1374.196 1 0 0.0731
1533 1374.733 1 1 0.1271
1534 1375.271 1 0 0.0777
1535 1375.809 1 0 0.0718
1536 1376.347 1 0 0.0734
1537 1376.886 1 0 0.0731
1538 1377.425 1 0 0.0724
1539 1377.965 1 1 0.1041
1540 1378.505 1 0 0.0753
1541 1379.046 1 2 0.0969
1542 1379.587 1 1 0.1056
1543 1380.128 1 2 0.0990
1544 1380.670 1 0 0.0722
1545 1381.213 1 2 0.0997
1546 1381.756 1 0 0.0771
1547 1382.299 1 0 0.0754
1548 1382.842 1 0 0.0737
1549 1383.387 1 0 0.0729
1550 1383.931 1 0 0.0737
1551 1384.476 1 0 0.0725
1552 1385.022 1 0 0.1255
1553 1385.568 1 0 0.0736
1554 1386.114 1 0 0.0763
1555 1386.661 1 0 0.0774
1556 1387.208 1 0 0.0723
1557 1387.756 1 1 0.1031
1558 1388.304 1 1 0.1027
1559 1388.852 1 0 0.0745
1560 1389.401 1 0 0.0735
1561 1389.951 1 0 0.0737
1562 1390.501 1 0 0.0763
1563 1391.051 1 0 0.0939
1564 1391.602 1 0 0.0759
1565 1392.153 1 2 0.0981
1566 1392.705 1 0 0.0724
1567 1393.257 1 0 0.0790
1568 1393.810 1 0 0.0773
1569 1394.363 1 0 0.0835
1570 1394.916 1 0 0.0743
1571 1395.470 1 2 0.0999
1572 1396.025 1 0 0.0723
1573 1396.579 1 0 0.0862
1574 1397.135 1 0 0.0759
1575 1397.691 1 0 0.0914
1576 1398.247 1 0 0.0802
1577 1398.803 1 0 0.0737
1578 1399.361 1 1 0.1026
1579 1399.918 1 0 0.1010
1580 1400.476 1 0 0.0737
1581 1401.035 1 0 0.0730
1582 1401.594 1 0 0.0748
1583 1402.153 1 0 0.0739
1584 1402.713 1 1 0.1054
1585 1403.273 1 0 0.0745
1586 1403.834 1 0 0.0819
1587 1404.396 1 0 0.0744
1588 1404.957 1 0 0.0743
1589 1405.519 1 0 0.0809
1590 1406.082 1 1 0.1044
1591 1406.645 1 0 0.0733
1592 1407.209 1 2 0.0991
1593 1407.773 1 1 0.1071
1594 1408.337 1 0 0.0941
1595 1408.902 1 1 0.1277
1596 1409.468 1 2 0.0980
1597 1410.034 1 1 0.1064
1598 1410.600 1 0 0.0744
1599 1411.167 1 0 0.0743
1600 1411.734 1 1 0.1079
1601 1412.302 1 2 0.0978
1602 1412.870 1 0 0.0752
1603 1413.439 1 0 0.0920
1604 1414.008 1 0 0.0744
1605 1414.578 1 0 0.0951
1606 1415.148 1 0 0.0757
1607 1415.718 1 2 0.1013
1608 1416.289 1 0 0.0805
1609 1416.861 1 1 0.1073
1610 1417.433 1 2 0.1023
1611 1418.005 1 2 0.1015
1612 1418.578 1 0 0.0766
1613 1419.151 1 2 0.1097
1614 1419.725 1 0 0.0887
1615 1420.300 1 0 0.0756
1616 1420.874 1 0 0.0764
1617 1421.450 1 0 0.0962
1618 1422.026 1 0 0.0767
1619 1422.602 1 0 0.0979
1620 1423.178 1 0 0.0783
1621 1423.756 1 0 0.0780
1622 1424.333 1 0 0.0788
1623 1424.911 1 0 0.0788
1624 1425.490 1 2 0.1058
1625 1426.069 1 0 0.0774
1626 1426.649 1 0 0.0887
1627 1427.229 1 0 0.0776
1628 1427.809 1 0 0.0801
1629 1428.390 1 0 0.0773
1630 1428.972 1 0 0.0777
1631 1429.554 1 0 0.0785
1632 1430.136 1 0 0.0826
1633 1430.719 1 0 0.0792
1634 1431.303 1 0 0.0782
1635 1431.887 1 0 0.0779
1636 1432.471 1 1 0.1200
1637 1433.056 1 0 0.0787
1638 1433.641 1 0 0.0791
1639 1434.227 1 0 0.0806
1640 1434.814 1 0 0.0805
1641 1435.400 1 1 0.1205
1642 1435.988 1 0 0.1003
1643 1436.576 1 2 0.1103
1644 1437.164 1 1 0.1434
1645 1437.753 1 0 0.0827
1646 1438.342 1 0 0.0857
1647 1438.932 1 0 0.0843
1648 1439.522 1 0 0.0962
1649 1440.113 1 1 0.1254
1650 1440.704 1 0 0.1040
1651 1441.296 1 0 0.0933
1652 1441.888 1 2 0.1186
1653 1442.481 1 0 0.0960
1654 1443.074 1 2 0.1268
1655 1460.265 1 2 0.1211
1656 1460.873 1 0 0.0901
1657 1461.482 1 1 0.1016
1658 1462.091 1 0 0.0844
1659 1462.701 1 0 0.0853
1660 1463.311 1 0 0.0875
1661 1463.922 1 0 0.0895
1662 1464.533 1 0 0.1080
1663 1465.145 1 0 0.0806
1664 1465.758 1 0 0.0835
1665 1466.371 1 1 0.0938
1666 1466.984 1 0 0.0772
1667 1467.598 1 0 0.0777
1668 1468.212 1 0 0.0750
1669 1468.827 1 1 0.0903
1670 1469.443 1 0 0.0898
1671 1470.059 1 1 0.0908
1672 1470.675 2 1 9.9999
1673 1471.292 1 0 0.0730
1674 1471.910 1 0 0.0749
1675 1472.528 1 0 0.0722
1676 1473.146 1 1 0.0871
1677 1473.765 1 0 0.0718
1678 1474.385 1 0 0.0721
1679 1475.005 1 2 0.1058
1680 1475.625 1 0 0.0721
1681 1476.247 1 0 0.0716
1682 1476.868 1 1 0.0879
1683 1477.490 1 2 0.1182
1684 1478.113 1 0 0.0733
1685 1478.736 1 0 0.0752
1686 1479.360 1 0 0.0767
1687 1479.984 1 0 0.0832
1688 1480.609 1 0 0.0728
1689 1481.234 1 0 0.1538
1690 1481.860 1 1 0.1143
1691 1482.486 3 2 9.9999
1692 1483.113 1 0 0.0745
1693 1483.741 1 2 0.1109
1694 1484.369 1 1 0.0880
1695 1484.997 1 0 0.0723
1696 1485.626 1 0 0.0733
1697 1486.255 1 0 0.0713
1698 1486.885 1 1 0.0877
1699 1487.516 1 2 0.1068
1700 1488.147 1 0 0.0757
1701 1488.779 1 0 0.0729
1702 1489.411 1 1 0.0886
1703 1490.044 1 0 0.0726
1704 1490.677 1 0 0.0739
1705 1491.311 1 0 0.0723
1706 1491.945 1 0 0.0773
1707 1492.580 1 0 0.0841
1708 1493.215 1 0 0.0727
1709 1493.851 1 0 0.0747
1710 1494.487 1 0 0.0740
1711 1495.124 1 0 0.0771
1712 1495.762 2 1 1.2183
1713 1496.400 2 2 9.9999
1714 1497.038 1 0 0.0735
1715 1497.677 1 0 0.0884
1716 1498.317 1 0 0.0746
1717 1498.957 1 0 0.0744
1718 1499.598 1 0 0.0741
1719 1500.239 1 0 0.0937
1720 1500.881 1 1 0.0973
1721 1501.523 1 1 0.0915
1722 1502.166 1 1 0.0944
1723 1502.810 1 2 0.1190
1724 1503.454 1 1 0.1029
1725 1504.098 2 1 0.1563
1726 1504.743 2 0 0.1023
1727 1505.389 2 1 0.1521
1728 1506.035 2 1 0.3665
1729 1506.682 2 1 1.2546
1730 1507.329 3 1 9.9999
1731 1507.977 3 1 3.4608
1732 1508.625 2 2 9.9999
1733 1509.274 2 1 0.6834
1734 1509.924 2 1 0.6406
1735 1510.574 3 1 9.9999
1736 1511.224 2 2 9.9999
1737 1511.875 1 1 0.1032
1738 1512.527 1 1 0.1220
1739 1513.179 1 0 0.1143
1740 1513.832 1 1 0.1057
1741 1514.485 2 1 0.4568
1742 1515.139 1 0 0.0880
1743 1515.793 1 0 0.0891
1744 1516.448 1 0 0.0901
1745 1517.104 1 2 0.1372
1746 1517.760 1 1 0.3883
1747 1518.417 1 0 0.2025
1748 1519.074 1 0 0.0928
1749 1519.732 1 0 0.1279
1750 1520.390 1 0 0.1007
1751 1521.049 1 0 0.0933
1752 1521.708 1 0 0.0987
1753 1522.368 1 0 0.0952
1754 1523.029 1 0 0.0974
1755 1523.690 1 0 0.1009
1756 1524.352 1 0 0.0973
1757 1525.014 1 1 0.1162
1758 1525.677 1 0 0.0968
1759 1526.340 3 0 9.9999
1760 1527.004 1 0 0.0955
1761 1541.096 1 0 0.1235
1762 1541.772 1 0 0.1228
1763 1542.449 1 0 0.1233
1764 1543.126 1 0 0.1252
1765 1543.803 1 0 0.1509
1766 1544.482 1 0 0.1372
1767 1545.160 1 0 0.1306
1768 1545.840 1 0 0.1272
1769 1546.520 1 2 0.2064
1770 1547.200 1 0 0.1334
1771 1547.881 1 0 0.1353
1772 1548.563 1 2 0.2032
1773 1549.245 1 0 0.1340
1774 1549.928 1 2 0.2086
1775 1550.612 1 0 0.1342
1776 1551.296 1 0 0.1328
1777 1551.980 1 0 0.1298
1778 1552.666 1 0 0.1304
1779 1553.351 1 0 0.1338
1780 1554.038 1 0 0.1351
1781 1554.725 4 0 9.9999
1782 1555.412 1 2 0.2170
1783 1556.100 1 0 0.1448
1784 1556.789 1 2 0.2149
1785 1557.478 1 1 0.1503
1786 1558.168 2 2 1.6554
1787 1558.859 2 1 0.1637
1788 1559.550 4 0 9.9999
1789 1560.242 1 2 0.2353
1790 1560.934 1 0 0.1481
1791 1561.627 1 2 9.9999
1792 1562.320 3 0 9.9999
1793 1563.014 1 2 0.2522
1794 1563.709 1 0 0.1483
1795 1564.404 1 0 0.1576
1796 1565.100 1 1 0.1708
1797 1565.797 1 0 0.1577
1798 1566.494 1 0 0.1566
1799 1567.192 1 1 0.3479
1800 1567.890 1 0 0.1574
1801 1568.589 1 0 0.1591
1802 1569.288 1 2 0.6700
1803 1569.988 1 0 0.1978
1804 1570.689 1 0 0.1624
1805 1571.390 1 2 0.2371
1806 1572.092 1 0 0.1607
1807 1572.795 1 1 0.1992
1808 1573.498 1 0 0.1759
1809 1574.201 1 0 0.1756
1810 1574.906 1 0 0.1679
1811 1575.611 1 0 0.1908
1812 1576.316 1 0 0.2520
1813 1577.022 1 0 0.1863
1814 1577.729 1 0 0.1869
1815 1578.437 1 0 0.1821
1816 1579.145 1 0 0.1812
1817 1579.853 1 0 0.1871
1818 1580.562 1 2 0.3071
1819 1581.272 1 0 0.1932
1820 1581.983 1 0 0.2047
1821 1582.694 1 0 0.2015
1822 1583.405 1 0 0.1968
1823 1584.118 1 0 0.2011
1824 1584.831 1 0 0.1975
1825 1585.544 1 0 0.2102
1826 1586.258 1 0 0.2050
1827 1586.973 1 0 0.2123
1828 1587.688 1 0 0.2055
1829 1588.404 1 1 0.2382
1830 1589.121 1 0 0.2170
1831 1589.838 1 0 0.2411
1832 1590.556 1 0 0.2470
1833 1591.275 1 2 0.3763
1834 1591.994 1 0 0.2325
1835 1592.714 1 0 0.2465
1836 1593.434 1 2 0.3805
1837 1594.155 1 0 0.2518
1838 1594.877 1 0 0.2429
1839 1595.599 1 0 0.2581
1840 1596.322 1 0 0.2608
1841 1597.045 1 0 0.2765
1842 1597.769 1 1 0.2881
1843 1598.494 1 0 0.2713
1844 1599.220 1 0 0.2752
1845 1599.946 1 0 0.2816
1846 1600.672 1 0 0.2832
1847 1601.400 1 1 0.3175
1848 1602.128 1 0 0.3126
1849 1602.856 1 0 0.3166
1850 1603.586 1 0 0.3247
1851 1604.315 1 0 0.3275
1852 1605.046 1 0 0.3233
1853 1605.777 1 2 0.5523
1854 1606.509 1 0 0.3417
1855 1607.241 1 0 0.4118
1856 1607.974 1 0 0.3577
1857 1608.708 1 2 0.6255
1858 1609.442 1 0 0.3818
1859 1610.177 1 0 0.4118
1860 1610.913 1 2 0.6219
1861 1611.649 1 0 0.4055
1862 1612.386 1 0 0.3930
1863 1613.124 1 0 0.4079
1864 1613.862 1 0 0.4095
1865 2181.494 1 1 0.1189
1866 2182.400 1 1 0.1198
1867 2183.306 1 0 0.0877
1868 2184.213 1 1 0.1185
1869 2185.121 1 1 0.1216
1870 2186.030 1 0 0.0874
1871 2186.939 1 0 0.0870
1872 2187.850 1 0 0.0876
1873 2188.761 1 0 0.0870
1874 2189.672 1 1 0.1173
1875 2190.585 1 0 0.0879
1876 2191.498 1 0 0.0872
1877 2192.412 1 0 0.0868
1878 2193.326 1 2 0.1254
1879 2194.242 1 0 0.0878
1880 2195.158 1 2 0.1250
1881 2196.075 1 0 0.0895
1882 2196.992 1 0 0.0912
1883 2197.911 1 0 0.0915
1884 2198.830 1 0 0.0915
1885 2199.750 1 0 0.0922
1886 2200.671 1 0 0.0921
1887 2201.592 1 0 0.0968
1888 2202.514 1 0 0.0941
1889 2203.437 1 0 0.0967
1890 2204.361 1 1 0.1287
1891 2205.285 1 0 0.0958
1892 2206.211 1 0 0.0972
1893 2207.137 1 0 0.0978
1894 2208.063 1 0 0.0965
1895 2208.991 1 0 0.0972
1896 2209.919 1 1 0.1314
1897 2210.848 1 1 0.1303
1898 2211.778 1 1 0.1311
1899 2212.709 1 1 0.1309
1900 2213.640 1 0 0.0976
1901 2214.572 1 0 0.0975
1902 2215.505 1 0 0.0967
1903 2216.439 1 1 0.1317
1904 2217.373 1 0 0.0989
1905 2218.308 1 0 0.0954
1906 2219.244 1 0 0.0983
1907 2220.181 1 0 0.0994
1908 2221.118 1 0 0.0994
1909 2222.057 1 0 0.0985
1910 2222.996 1 0 0.1009
1911 2223.936 1 0 0.0992
1912 2224.876 1 0 0.1010
1913 2225.818 1 0 0.1028
1914 2226.760 1 0 0.1015
1915 2227.703 1 0 0.1019
1916 2228.647 1 0 0.1032
1917 2229.591 1 0 0.1038
1918 2230.536 1 0 0.1053
1919 2231.483 1 1 0.1466
1920 2232.429 1 0 0.1038
1921 2233.377 1 1 0.1456
1922 2234.326 3 1 9.9999
1923 2235.275 1 0 0.1078
1924 2236.225 1 0 0.1138
1925 2237.176 1 0 0.1084
1926 2238.127 1 0 0.1099
1927 2239.080 1 1 0.1497
1928 2240.033 1 0 0.1123
1929 2240.987 1 0 0.1129
1930 2241.942 1 0 0.1168
1931 2242.897 1 0 0.1132
1932 2243.853 1 0 0.1136
1933 2244.811 1 0 0.1248
1934 2245.769 1 0 0.1170
1935 2246.727 1 0 0.1179
1936 2247.687 1 0 0.1186
1937 2248.647 1 0 0.1348
1938 2249.608 1 0 0.1202
1939 2250.570 1 0 0.1193
1940 2251.533 1 0 0.1209
1941 2252.497 1 0 0.1216
1942 2253.461 1 0 0.1228
1943 2254.426 1 0 0.1238
1944 2255.392 1 2 0.1723
1945 2256.359 1 0 0.1266
1946 2257.326 1 0 0.1253
1947 2258.295 1 0 0.1275
1948 2259.264 1 0 0.1284
1949 2260.234 1 2 0.1825
1950 2261.205 1 0 0.1300
1951 2262.176 1 0 0.1328
1952 2263.149 1 0 0.1318
1953 2264.122 1 0 0.1330
1954 2265.096 1 0 0.1350
1955 2266.071 1 2 0.1940
1956 2267.047 1 0 0.1398
1957 2268.023 1 0 0.1382
1958 2269.000 1 0 0.1388
1959 2269.979 1 0 0.1437
1960 2270.958 1 0 0.1434
1961 2271.937 1 0 0.1443
1962 2272.918 1 0 0.1465
1963 2273.899 1 2 0.2037
1964 2274.882 1 0 0.1475
1965 2275.865 1 2 0.2165
1966 2276.848 1 0 0.1556
1967 2277.833 1 0 0.1557
1968 2278.819 1 0 0.1576
1969 2279.805 1 0 0.1556
1970 2280.792 1 0 0.1610
1971 2281.780 1 0 0.1644
1972 2282.769 1 0 0.1662
1973 2283.759 1 0 0.1695
1974 2284.749 1 0 0.1720
1975 2285.741 1 0 0.1701
1976 2286.733 1 0 0.1698
1977 2287.726 1 0 0.1712
1978 2288.720 1 2 0.2448
1979 2289.714 1 2 0.2483
1980 2290.710 1 0 0.1790
1981 2291.706 1 0 0.1840
1982 2292.703 1 0 0.1827
1983 2293.701 1 1 0.2466
1984 2294.700 1 0 0.1961
1985 2295.700 3 0 9.9999
1986 2296.701 1 0 0.1878
1987 2297.702 1 0 0.1917
1988 2298.704 1 0 0.1959
1989 2299.707 1 0 0.1954
1990 2300.711 1 0 0.2204
1991 2301.716 1 0 0.2034
1992 2302.722 1 0 0.2087
1993 2303.728 1 1 0.2780
1994 2304.735 1 0 0.2197
1995 2305.744 1 0 0.2140
1996 2306.753 1 0 0.2188
1997 2307.763 1 0 0.2208
1998 2308.773 1 0 0.2270
1999 2309.785 1 0 0.2315
2000 2310.797 1 0 0.2316
2001 2311.811 1 0 0.2368
2002 2312.825 1 0 0.2453
2003 2313.840 2 0 0.2518
2004 2314.856 2 0 0.2599
2005 2315.872 2 0 0.2663
2006 2316.890 2 2 0.3769
2007 2317.908 2 0 0.3048
2008 2318.928 2 0 0.4225
2009 2319.948 2 0 0.7435
2010 2320.969 2 0 9.9999
2011 2321.991 3 0 9.9999
2012 2323.014 4 0 9.9999
2013 2324.037 4 0 9.9999
2014 2325.062 4 0 9.9999
2015 2299.798 4 0 9.9999
2016 2300.703 4 0 9.9999
2017 2301.608 4 0 9.9999
2018 2302.514 3 2 1.3680
2019 2303.421 2 2 0.4345
2020 2304.329 2 0 0.2094
2021 2305.237 2 0 0.1658
2022 2306.146 2 1 0.2254
2023 2307.056 2 2 0.3057
2024 2307.966 2 0 0.1550
2025 2308.877 2 0 0.1545
2026 2309.789 1 0 0.1516
2027 2310.702 1 0 0.1531
2028 2311.616 1 0 0.1560
2029 2312.530 1 0 0.1490
2030 2313.445 1 0 0.1508
2031 2314.361 1 0 0.1500
2032 2315.277 1 0 0.1474
2033 2316.194 1 0 0.1493
2034 2317.112 1 0 0.1505
2035 2318.031 1 0 0.1491
2036 2318.950 1 0 0.1487
2037 2319.871 1 0 0.1480
2038 2320.792 1 0 0.1455
2039 2321.713 1 0 0.1479
2040 2322.636 1 0 0.1483
2041 2323.559 1 0 0.1446
2042 2324.483 1 0 0.1490
2043 2325.408 1 0 0.1493
2044 2326.333 1 0 0.1432
2045 2327.259 1 0 0.1451
2046 2328.186 1 0 0.1440
2047 2329.114 1 0 0.1453
2048 2330.043 1 0 0.1453
2049 2330.972 1 0 0.1440
2050 2331.902 1 0 0.1426
2051 2332.833 1 0 0.1438
2052 2333.765 1 0 0.1427
2053 2334.697 1 0 0.1465
2054 2335.630 1 0 0.1486
2055 2336.564 1 1 0.1843
2056 2337.499 1 0 0.1409
2057 2338.434 1 0 0.1374
2058 2339.370 1 0 0.1372
2059 2340.307 1 0 0.1402
2060 2341.245 1 0 0.1372
2061 2342.183 1 0 0.1415
2062 2343.123 1 2 0.1954
2063 2344.063 1 0 0.1336
2064 2345.003 1 0 0.1429
2065 2345.945 1 0 0.1331
2066 2346.887 1 0 0.1354
2067 2347.831 1 0 0.1337
2068 2348.774 1 0 0.1308
2069 2349.719 1 0 0.1402
2070 2350.665 1 0 0.1371
2071 2351.611 1 0 0.1417
2072 2352.558 1 2 0.1906
2073 2353.506 1 0 0.1314
2074 2354.454 1 0 0.1341
2075 2355.404 1 0 0.1356
2076 2356.354 1 0 0.1331
2077 2357.305 1 0 0.1354
2078 2358.257 1 0 0.1372
2079 2359.209 1 0 0.1370
2080 2360.162 1 0 0.1355
2081 2361.116 1 0 0.1400
2082 2362.071 1 0 0.1392
2083 2363.027 1 0 0.1382
2084 2363.983 1 0 0.1408
2085 2364.941 1 1 0.1832
2086 2365.899 1 1 0.1788
2087 2366.858 1 0 0.1345
2088 2367.817 1 2 0.1954
2089 2368.778 1 0 0.1416
2090 2369.739 1 0 0.1366
2091 2370.701 1 1 0.1808
2092 2371.664 1 0 0.1344
2093 2372.627 1 0 0.1342
2094 2373.592 1 0 0.1370
2095 2374.557 1 0 0.1354
2096 2375.523 1 0 0.1368
2097 2376.490 1 0 0.1329
2098 2377.457 1 0 0.1351
2099 2378.426 1 1 0.1793
2100 2379.395 1 1 0.1841
2101 2380.365 1 0 0.1446
2102 2381.336 1 2 0.2020
2103 2382.307 1 0 0.1378
2104 2383.280 1 0 0.1380
2105 2384.253 1 0 0.1385
2106 2385.227 1 0 0.1414
2107 2386.202 1 1 0.1846
2108 2387.177 1 1 0.1848
2109 2388.154 1 0 0.1403
2110 2389.131 1 0 0.1444
2111 2390.109 1 0 0.1444
2112 2391.088 1 0 0.1441
2113 2392.068 1 0 0.1450
2114 2393.048 1 0 0.1472
2115 2394.030 1 0 0.1423
2116 2395.012 1 0 0.1465
2117 2395.995 1 0 0.1511
2118 2396.979 1 0 0.1514
2119 2397.963 1 0 0.1532
2120 2398.949 1 0 0.1549
2121 2399.935 1 0 0.1499
2122 2400.922 1 0 0.1529
2123 2401.910 1 2 0.2221
2124 2402.899 1 0 0.1496
2125 2403.888 1 0 0.1511
2126 2404.879 1 0 0.1514
2127 2405.870 1 0 0.1516
2128 2406.862 1 0 0.1505
2129 2407.855 1 1 0.1991
2130 2408.849 1 0 0.1531
2131 2409.843 1 1 0.1990
2132 2410.839 1 0 0.1563
2133 2411.835 1 0 0.1560
2134 2412.832 1 0 0.1566
2135 2413.830 1 0 0.1556
2136 2414.828 1 0 0.1582
2137 2415.828 1 0 0.1609
2138 2416.828 1 0 0.1589
2139 2417.830 1 1 0.2181
2140 2418.832 1 0 0.1689
2141 2419.835 1 0 0.1669
2142 2420.838 1 2 0.2455
2143 2421.843 1 1 0.2190
2144 2422.848 1 0 0.1723
2145 2446.194 1 0 0.1798
2146 2447.219 1 0 0.1777
2147 2448.244 1 0 0.1863
2148 2449.270 1 0 0.1775
2149 2450.297 1 0 0.1845
2150 2451.325 1 0 0.1841
2151 2452.354 3 0 9.9999
2152 2453.383 1 0 0.1875
2153 2454.414 1 0 1.6775
2154 2455.445 1 2 0.2708
2155 2456.477 1 0 0.1894
2156 2457.510 1 0 0.2009
2157 2458.544 1 0 0.1907
2158 2459.578 1 0 0.1934
2159 2460.614 1 0 0.1864
2160 2461.650 1 0 0.2155
2161 2462.687 1 1 0.2652
2162 2463.725 1 0 0.1910
2163 2464.764 1 0 0.1876
2164 2465.804 1 0 0.1890
2165 2466.844 1 0 0.2026
2166 2467.886 1 0 0.1911
2167 2468.928 1 0 0.2001
2168 2469.971 1 1 0.2525
2169 2471.015 1 0 0.1933
2170 2472.060 1 0 0.1943
2171 2473.106 1 1 0.2744
2172 2474.153 1 2 0.2697
2173 2475.200 1 0 0.1972
2174 2476.249 1 0 0.2042
2175 2477.298 1 0 0.2008
2176 2478.348 1 0 0.2077
2177 2479.399 1 0 0.2069
2178 2480.451 1 0 0.2046
2179 2481.503 1 0 0.2102
2180 2482.557 1 0 0.2113
2181 2483.611 1 2 0.2819
2182 2484.667 1 0 0.2121
2183 2485.723 1 0 0.2173
2184 2486.780 1 2 0.2976
2185 2487.838 1 0 0.2226
2186 2488.897 1 2 0.2983
2187 2489.956 1 0 0.2252
2188 2491.017 1 0 0.2237
2189 2492.078 1 0 0.2269
2190 2493.141 1 1 0.3123
2191 2494.204 1 0 0.2276
2192 2495.268 1 0 0.2418
2193 2496.333 1 0 0.2345
2194 2497.399 1 0 0.2367
2195 2498.465 1 0 0.2472
2196 2499.533 1 0 0.2413
2197 2500.601 1 0 0.2425
2198 2501.671 1 0 0.2448
2199 2502.741 1 0 0.2487
2200 2503.812 1 0 0.2576
2201 2504.884 1 0 0.2606
2202 2505.957 1 0 0.2703
2203 2507.031 1 1 0.3557
2204 2508.106 1 0 0.2613
2205 2509.182 1 0 0.2665
2206 2510.258 1 0 0.2640
2207 2511.335 1 0 0.2773
2208 2512.414 1 0 0.2837
2209 2513.493 1 0 0.2963
2210 2514.573 1 0 0.2767
2211 2515.654 1 0 0.2814
2212 2516.736 1 0 0.2918
2213 2517.819 1 0 0.2922
2214 2518.903 1 0 0.2954
2215 2519.987 1 0 0.2989
2216 2521.073 1 1 0.4014
2217 2522.159 1 0 0.3093
2218 2523.247 1 0 0.3094
2219 2524.335 1 0 0.3144
2220 2525.424 1 0 0.3239
2221 2526.514 1 0 0.3209
2222 2527.605 1 0 0.3258
2223 2528.697 1 0 0.3341
2224 2529.790 1 0 0.3381
2225 2530.883 1 0 0.3461
2226 2531.978 1 0 0.3416
2227 2533.074 1 0 0.3554
2228 2534.170 1 0 0.3603
2229 2535.267 1 0 0.3608
2230 2536.366 1 0 0.3737
2231 2537.465 1 0 0.3620
2232 2538.565 1 2 0.5117
2233 2539.666 1 0 0.3906
2234 2540.768 1 0 0.3891
2235 2541.871 1 0 0.4206
2236 2542.975 1 0 0.4079
2237 2544.080 1 0 0.4119
2238 2545.185 2 1 0.5501
2239 2546.292 1 1 0.5841
2240 2547.399 1 0 0.4285
2241 2548.508 1 1 0.5915
2242 2549.617 1 1 0.6043
2243 2550.728 4 1 9.9999
2244 2551.839 1 0 0.5040
2245 2552.951 1 0 0.4532
2246 2554.064 1 0 0.4512
2247 2555.178 1 0 0.4935
2248 2556.293 1 0 0.4771
2249 2557.409 1 0 0.4780
2250 2558.526 1 0 0.4820
2251 2559.644 1 0 0.4915
2252 2560.763 1 0 0.5104
2253 2561.882 1 0 0.5219
2254 2563.003 2 0 0.6897
2255 2564.125 2 0 1.1376
2256 2565.247 3 0 9.9999
2257 2566.371 3 2 9.9999
2258 2567.495 4 0 9.9999
2259 2568.620 4 1 9.9999
2260 2569.747 4 0 9.9999
2261 2541.899 4 0 9.9999
2262 2542.904 4 0 9.9999
2263 2543.909 3 2 9.9999
2264 2544.916 2 0 9.9999
2265 2545.923 2 2 1.2147
2266 2546.931 2 0 0.5718
2267 2547.939 2 0 0.4010
2268 2548.949 2 0 0.3540
2269 2549.959 2 0 0.3565
2270 2550.971 2 0 0.3426
2271 2551.983 2 0 0.3338
2272 2552.995 2 0 0.3425
2273 2554.009 1 0 0.3447
2274 2555.024 1 0 0.3393
2275 2556.039 1 0 0.3387
2276 2557.055 1 0 0.3407
2277 2558.072 1 0 0.3450
2278 2559.090 1 0 0.3421
2279 2560.109 1 1 0.4456
2280 2561.128 1 0 0.3457
2281 2562.149 1 0 0.3285
2282 2563.170 1 0 0.3227
2283 2564.192 1 2 0.4708
2284 2565.215 1 0 0.3204
2285 2566.238 1 0 0.3330
2286 2567.263 1 0 0.3189
2287 2568.288 1 0 0.3222
2288 2569.315 1 0 0.4538
2289 2570.342 1 0 0.3251
2290 2571.370 1 0 0.3246
2291 2572.398 1 0 0.3227
2292 2573.428 1 0 0.3242
2293 2574.458 1 0 0.3195
2294 2575.490 1 0 0.3232
2295 2576.522 1 0 0.3263
2296 2577.555 1 0 0.3257
2297 2578.589 1 0 0.3200
2298 2579.624 1 0 0.3123
2299 2580.659 1 0 0.3128
2300 2581.696 1 0 0.3149
2301 2582.733 1 0 0.3257
2302 2583.771 1 0 0.3252
2303 2584.810 1 2 0.4189
2304 2585.850 1 0 0.3067
2305 2586.891 1 0 0.3226
2306 2587.932 1 0 0.3209
2307 2588.975 1 2 0.4304
2308 2590.018 1 2 0.4321
2309 2591.062 1 0 0.3120
2310 2592.107 1 0 0.3148
2311 2593.153 1 0 0.3163
2312 2594.200 1 0 0.3034
2313 2595.247 1 0 0.3112
2314 2596.296 1 0 0.3141
2315 2597.345 1 0 0.3127
2316 2598.395 1 1 0.4137
2317 2599.446 1 0 0.3117
2318 2600.498 1 0 0.3143
2319 2601.551 1 0 0.3123
2320 2602.605 1 0 0.3120
2321 2603.659 1 0 0.3086
2322 2604.715 1 0 0.3105
2323 2605.771 1 0 0.3130
2324 2606.828 1 0 0.3196
2325 2607.886 1 0 0.3520
2326 2608.945 1 0 0.3180
2327 2610.005 1 1 0.4044
2328 2611.066 1 0 0.3202
2329 2612.127 1 0 0.3158
2330 2613.190 1 0 0.3114
2331 2614.253 1 0 0.3135
2332 2615.317 1 0 0.3104
2333 2616.383 1 0 0.3117
2334 2617.449 1 0 0.3154
2335 2618.515 1 0 0.3097
2336 2619.583 1 0 0.3146
2337 2620.652 1 0 0.3078
2338 2621.721 1 0 0.3145
2339 2622.792 1 0 0.3170
2340 2623.863 1 0 0.3158
2341 2624.935 1 0 0.3088
2342 2626.009 1 0 0.3164
2343 2627.083 1 0 0.3160
2344 2628.157 1 0 0.3276
2345 2629.233 1 0 0.3189
2346 2630.310 1 0 0.3143
2347 2631.388 1 1 0.3962
2348 2632.466 1 0 0.3126
2349 2633.545 1 0 0.3065
2350 2634.626 1 0 0.3235
2351 2635.707 1 0 0.3163
2352 2636.789 1 0 0.3133
2353 2637.872 1 0 0.3325
2354 2638.956 1 1 0.4329
2355 2640.041 1 0 0.3223
2356 2641.126 1 1 0.4249
2357 2642.213 1 0 9.6853
2358 2643.301 1 0 0.3223
2359 2644.389 3 2 9.9999
2360 2645.478 1 0 0.3315
2361 2646.569 1 1 0.4462
2362 2647.660 1 2 0.4817
2363 2648.752 1 0 0.3469
2364 2649.845 1 2 0.4979
2365 2650.939 1 0 0.3585
2366 2652.034 1 1 0.4638
2367 2653.129 1 0 0.3797
2368 2654.226 1 2 0.5292
2369 2655.324 1 2 0.5053
2370 2656.422 1 0 0.3543
2371 2657.522 1 0 0.3736
2372 2658.622 1 0 0.3717
2373 2659.723 1 0 0.3781
2374 2660.825 1 0 0.3728
2375 2661.929 1 1 1.1323
2376 2663.033 1 0 0.3812
2377 2664.138 1 0 0.3876
2378 2665.244 1 2 0.5314
