% Subset of file: L1B.cal_prop.2002.08.30.v9.5.0.anc
%
% 1. Channel ID {AIRS PGE ID}
% 2. Frequency {wavenumbers}
% 3. Spectral Quality code:
%       1 = good
%       2 = OK but some problems
%       3 = poor
%       4 = useless
% 4. AB weight code:
%       0 = A and B equally weighted
%       1 = A-side only
%       2 = B-side only
% 5. NEdT250 {Kelvin}
%
%--- -------- - - ------
   1  649.620 1 0 0.6160
   2  649.858 1 0 0.6632
   3  650.097 1 0 0.6597
   4  650.335 1 0 0.6152
   5  650.574 1 0 0.5830
   6  650.814 1 0 0.6248
   7  651.053 1 0 0.6584
   8  651.293 1 0 0.6709
   9  651.532 1 0 0.6397
  10  651.772 1 0 0.6191
  11  652.012 1 0 0.6495
  12  652.253 2 0 0.6141
  13  652.493 2 0 0.5905
  14  652.734 1 0 0.5991
  15  652.975 1 0 0.6124
  16  653.216 1 0 0.6480
  17  653.457 1 0 0.6043
  18  653.699 1 0 0.5955
  19  653.940 1 0 0.5848
  20  654.182 1 0 0.5621
  21  654.424 1 0 0.6039
  22  654.666 1 0 0.5914
  23  654.909 1 0 0.6049
  24  655.151 1 0 0.5628
  25  655.394 1 0 0.5409
  26  655.637 1 0 0.5978
  27  655.880 1 0 0.5614
  28  656.124 1 0 0.5481
  29  656.367 1 0 0.5329
  30  656.611 1 0 0.5272
  31  656.855 1 0 0.5562
  32  657.099 1 0 0.5154
  33  657.343 1 0 0.4986
  34  657.588 1 0 0.5058
  35  657.833 1 0 0.5197
  36  658.078 1 0 0.5030
  37  658.323 1 0 0.4914
  38  658.568 1 0 0.5149
  39  658.813 1 0 0.4834
  40  659.059 1 0 0.4899
  41  659.305 1 0 0.4831
  42  659.551 1 0 0.4642
  43  659.797 1 0 0.4759
  44  660.044 1 0 0.4962
  45  660.291 1 0 0.4611
  46  660.537 1 0 0.4529
  47  660.784 1 0 0.4785
  48  661.032 2 0 0.4323
  49  661.279 2 0 0.4318
  50  661.527 1 0 0.4926
  51  661.775 1 0 0.4637
  52  662.023 1 0 0.4615
  53  662.271 1 0 0.4492
  54  662.519 1 0 0.4641
  55  662.768 1 0 0.4527
  56  663.017 1 0 0.4470
  57  663.266 1 0 0.4321
  58  663.515 1 0 0.4550
  59  663.765 1 0 0.4389
  60  664.014 1 0 0.4572
  61  664.264 1 0 0.4439
  62  664.514 1 0 0.4314
  63  664.764 1 0 0.4339
  64  665.015 1 0 0.4222
  65  665.265 1 0 0.4245
  66  665.516 1 0 0.4125
  67  665.767 1 0 0.4237
  68  666.018 1 0 0.4361
  69  666.270 1 0 0.4270
  70  666.521 1 0 0.3830
  71  666.773 1 0 0.4142
  72  667.025 1 0 0.4087
  73  667.277 1 0 0.4160
  74  667.530 1 0 0.4067
  75  667.782 1 0 0.4080
  76  668.035 1 0 0.4007
  77  668.288 1 0 0.3998
  78  668.541 1 0 0.4019
  79  668.795 1 0 0.4151
  80  669.049 1 0 0.4074
  81  669.302 1 0 0.4052
  82  669.556 1 0 0.3832
  83  669.811 1 0 0.3954
  84  670.065 1 0 0.4782
  85  670.320 1 0 0.4200
  86  670.575 1 0 0.4109
  87  670.830 1 0 0.3787
  88  671.085 1 0 0.4115
  89  671.340 1 0 0.3846
  90  671.596 1 0 0.3899
  91  671.852 1 0 0.4074
  92  672.108 1 0 0.4022
  93  672.364 1 0 0.4062
  94  672.621 1 0 0.4316
  95  672.878 1 0 0.4211
  96  673.134 1 0 0.3766
  97  673.392 1 0 0.3810
  98  673.649 1 0 0.4043
  99  673.906 1 0 0.3954
 100  674.164 1 0 0.4031
 101  674.422 1 0 0.4135
 102  674.680 1 0 0.4283
 103  674.939 1 0 0.4061
 104  675.197 1 0 0.4159
 105  675.456 1 0 0.4404
 106  675.715 1 0 0.3939
 107  675.974 1 0 0.4385
 108  676.233 1 0 0.4117
 109  676.493 1 0 0.4033
 110  676.753 1 0 0.4308
 111  677.013 1 0 0.4315
 112  677.273 1 0 0.3962
 113  677.533 1 0 0.3852
 114  677.794 1 0 0.4241
 115  678.055 1 0 0.4052
 116  678.316 1 0 0.4195
 117  678.577 1 0 0.4347
 118  678.839 1 0 0.3945
 119  679.100 1 0 0.4157
 120  679.362 1 0 0.4402
 121  679.625 2 0 0.3115
 122  679.887 2 0 0.3128
 123  680.149 1 0 0.3895
 124  680.412 1 0 0.4151
 125  680.675 1 0 0.4063
 126  680.938 1 0 0.4029
 127  681.202 1 0 0.4145
 128  681.465 1 0 0.4227
 129  681.729 1 0 0.4138
 130  681.993 1 0 0.3747
 131  687.601 1 0 0.3402
 132  687.871 2 0 0.2060
 133  688.140 2 0 0.2048
 134  688.410 2 0 0.2054
 135  688.680 1 0 0.3377
 136  688.950 1 0 0.3273
 137  689.220 1 0 0.3337
 138  689.491 1 0 0.3363
 139  689.762 1 0 0.3398
 140  690.033 1 0 0.3382
 141  690.304 1 0 0.3458
 142  690.575 1 0 0.3300
 143  690.847 1 0 0.3117
 144  691.119 1 0 0.3070
 145  691.391 1 0 0.3491
 146  691.664 1 0 0.3255
 147  691.936 1 0 0.3453
 148  692.209 1 0 0.3265
 149  692.482 1 0 0.3293
 150  692.755 1 0 0.3533
 151  693.029 1 0 0.3555
 152  693.302 1 0 0.3232
 153  693.576 1 0 0.3317
 154  693.850 1 0 0.3209
 155  694.125 1 0 0.3163
 156  694.399 1 0 0.3062
 157  694.674 1 0 0.3192
 158  694.949 1 0 0.3116
 159  695.225 1 0 0.2970
 160  695.500 1 0 0.3145
 161  695.776 1 0 0.2927
 162  696.052 1 0 0.3181
 163  696.328 1 0 0.3148
 164  696.604 1 0 0.3134
 165  696.881 1 0 0.3063
 166  697.158 1 0 0.2923
 167  697.435 1 0 0.2920
 168  697.712 1 0 0.3078
 169  697.990 1 0 0.2722
 170  698.267 1 0 0.2753
 171  698.545 1 0 0.2860
 172  698.823 1 0 0.2718
 173  699.102 1 0 0.2686
 174  699.381 1 0 0.2929
 175  699.659 1 0 0.2806
 176  699.939 1 0 0.2790
 177  700.218 1 0 0.2799
 178  700.497 1 0 0.2685
 179  700.777 1 0 0.2742
 180  701.057 1 0 0.2741
 181  701.338 1 0 0.2700
 182  701.618 1 0 0.2818
 183  701.899 1 0 0.2713
 184  702.180 1 0 0.2684
 185  702.461 1 0 0.2820
 186  702.742 1 0 0.2832
 187  703.024 1 0 0.2743
 188  703.306 1 0 0.2790
 189  703.588 1 0 0.2686
 190  703.870 1 0 0.2727
 191  704.153 1 0 0.2632
 192  704.436 1 0 0.2761
 193  704.719 1 0 0.2625
 194  705.002 1 0 0.2722
 195  705.285 1 0 0.2585
 196  705.569 1 0 0.2493
 197  705.853 1 0 0.2487
 198  706.137 1 0 0.2458
 199  706.422 1 0 0.2566
 200  706.706 1 0 0.2673
 201  706.991 1 0 0.2516
 202  707.276 1 0 0.2557
 203  707.562 1 0 0.2685
 204  707.847 1 0 0.2565
 205  708.133 1 0 0.2528
 206  708.419 1 0 0.2435
 207  708.706 1 0 0.2831
 208  708.992 1 0 0.2972
 209  709.279 1 0 0.3066
 210  709.566 1 0 0.2893
 211  709.853 1 0 0.2478
 212  710.141 1 0 0.2393
 213  710.428 1 0 0.2510
 214  710.716 1 0 0.2419
 215  711.005 1 0 0.2492
 216  711.293 1 0 0.2575
 217  711.582 1 0 0.2644
 218  711.871 1 0 0.2429
 219  712.160 1 0 0.2513
 220  712.449 1 0 0.2482
 221  712.739 1 0 0.2520
 222  713.029 1 0 0.2373
 223  713.319 1 0 0.2335
 224  713.609 1 0 0.2370
 225  713.900 1 0 0.2407
 226  714.191 1 0 0.2292
 227  714.482 1 0 0.2317
 228  714.773 1 0 0.2405
 229  715.065 1 0 0.2409
 230  715.356 1 0 0.2421
 231  715.648 1 0 0.2367
 232  715.941 1 0 0.2519
 233  716.233 1 0 0.2306
 234  716.526 1 0 0.2405
 235  716.819 1 0 0.2417
 236  717.112 1 0 0.2364
 237  717.406 1 0 0.2352
 238  717.700 4 0 9.9999
 239  717.994 1 0 0.2327
 240  718.288 1 0 0.2469
 241  718.582 1 0 0.2216
 242  718.877 1 0 0.2452
 243  719.172 1 0 0.2359
 244  719.467 1 0 0.2537
 245  719.763 1 0 0.2420
 246  720.058 1 0 0.2367
 247  720.354 1 0 0.2475
 248  720.651 1 0 0.2481
 249  720.947 1 0 0.2332
 250  721.244 1 0 0.2418
 251  721.541 1 0 0.2491
 252  721.838 1 0 0.2473
 253  722.135 1 0 0.2341
 254  722.433 1 0 0.2306
 255  722.731 1 0 0.2381
 256  723.029 1 0 0.2364
 257  723.328 1 0 0.2344
 258  723.626 1 0 0.2394
 259  723.925 1 0 0.2545
 260  724.224 1 0 0.2404
 261  724.524 1 0 0.2367
 262  724.823 1 0 0.2367
 263  725.123 1 0 0.2618
 264  725.424 1 0 0.2523
 265  725.724 1 0 0.2381
 266  726.025 1 0 0.2699
 267  726.326 1 0 0.2567
 268  726.627 1 0 0.2521
 269  726.928 1 0 0.2686
 270  727.230 1 0 0.2846
 271  727.532 1 0 0.2909
 272  727.834 1 0 0.2701
 273  728.137 1 0 0.2963
 274  728.439 1 0 0.2565
 275  728.055 1 0 0.2328
 276  728.357 1 2 1.2710
 277  728.660 1 2 0.5698
 278  728.963 1 2 0.3358
 279  729.266 1 0 0.2255
 280  729.569 1 2 0.3501
 281  729.873 1 2 0.3410
 282  730.177 1 2 0.3504
 283  730.481 1 0 0.2409
 284  730.785 1 1 0.3876
 285  731.090 1 0 0.3096
 286  731.395 1 0 0.2333
 287  731.700 1 1 0.3138
 288  732.005 2 1 0.8268
 289  732.311 1 1 0.3272
 290  732.617 1 1 0.4450
 291  732.923 2 1 1.1840
 292  733.229 1 2 0.3438
 293  733.536 1 1 0.3228
 294  733.843 1 1 0.3237
 295  734.150 1 1 0.3199
 296  734.458 1 0 0.2498
 297  734.765 1 0 0.2390
 298  735.073 1 0 0.2304
 299  735.381 1 0 0.2291
 300  735.690 1 0 0.2259
 301  735.999 1 1 0.3253
 302  736.308 1 0 0.2618
 303  736.617 1 2 0.5324
 304  736.926 1 1 0.3262
 305  737.236 1 0 0.5853
 306  737.546 1 0 0.2284
 307  737.856 1 2 0.3741
 308  738.167 1 0 0.3275
 309  738.477 1 2 0.3407
 310  738.788 1 2 0.3734
 311  739.100 1 1 0.3158
 312  739.411 1 0 0.3902
 313  739.723 1 1 0.3191
 314  740.035 1 1 0.3115
 315  740.347 1 2 0.3319
 316  740.660 1 0 0.2472
 317  740.973 1 0 0.2391
 318  741.286 1 2 0.4111
 319  741.599 1 2 0.3495
 320  741.913 1 2 0.4102
 321  742.227 1 2 0.5795
 322  742.541 1 1 0.3070
 323  742.855 1 2 0.3242
 324  743.170 2 2 6.4183
 325  743.485 1 1 0.3081
 326  743.800 1 1 0.3884
 327  744.116 1 2 0.3597
 328  744.431 1 1 0.3128
 329  744.747 1 1 0.3238
 330  745.064 1 1 0.3583
 331  745.380 1 1 0.3190
 332  745.697 1 2 0.3368
 333  746.014 1 0 0.2386
 334  746.331 1 0 0.2194
 335  746.649 1 0 0.2620
 336  746.967 1 1 0.3047
 337  747.285 1 0 0.2364
 338  747.603 1 2 0.3379
 339  747.922 1 2 0.3311
 340  748.241 1 0 0.4658
 341  748.560 1 1 0.2946
 342  748.879 1 2 6.8190
 343  749.199 1 2 0.3362
 344  749.519 1 0 0.2322
 345  749.839 1 0 0.2324
 346  750.160 2 1 0.2933
 347  750.481 1 0 0.2284
 348  750.802 1 0 0.2925
 349  751.123 1 1 0.3111
 350  751.445 2 2 2.8130
 351  751.767 1 2 0.3342
 352  752.089 1 2 0.3067
 353  752.411 1 1 5.8194
 354  752.734 1 2 0.3140
 355  753.057 1 1 0.2976
 356  753.380 1 1 0.3153
 357  753.703 1 0 0.2126
 358  754.027 1 2 0.3766
 359  754.351 1 2 0.3043
 360  754.676 1 0 0.2473
 361  755.000 1 0 0.2347
 362  755.325 1 0 0.2362
 363  755.650 1 2 0.6303
 364  755.976 1 0 0.3018
 365  756.301 1 2 0.3707
 366  756.627 1 1 0.2846
 367  756.954 1 0 0.2464
 368  757.280 1 2 0.4081
 369  757.607 1 0 0.2076
 370  757.934 1 2 0.4247
 371  758.261 1 1 0.2875
 372  758.589 1 0 0.2294
 373  758.917 1 0 0.2147
 374  759.245 1 1 9.9999
 375  759.573 1 0 0.2136
 376  759.902 1 2 0.3144
 377  760.231 1 0 0.3952
 378  760.561 1 0 0.2189
 379  760.890 1 1 0.6777
 380  761.220 1 0 0.2825
 381  761.550 2 2 1.3037
 382  761.881 1 1 0.3185
 383  762.211 1 0 0.2345
 384  762.542 1 2 0.3185
 385  762.873 1 0 0.2303
 386  763.205 1 1 0.2791
 387  763.537 1 0 0.1977
 388  763.869 1 0 0.2640
 389  764.201 1 1 0.2725
 390  764.534 1 1 0.2749
 391  764.867 2 1 1.3179
 392  765.200 1 1 0.2800
 393  765.534 1 2 0.3231
 394  765.867 1 2 0.3072
 395  766.201 1 0 0.2955
 396  766.536 1 2 2.7569
 397  766.870 1 1 0.2885
 398  767.205 2 1 0.3216
 399  767.541 1 1 0.2873
 400  767.876 1 2 0.3193
 401  768.212 1 2 0.3277
 402  768.548 2 1 2.5332
 403  768.884 1 2 0.3510
 404  769.221 2 1 0.3646
 405  769.558 1 2 0.9215
 406  769.895 1 0 0.2256
 407  770.233 1 1 0.3004
 408  770.570 1 2 0.3493
 409  770.909 1 2 0.3501
 410  771.247 1 2 0.3377
 411  771.586 1 0 0.3633
 412  771.925 2 1 1.5583
 413  772.264 1 0 0.4959
 414  772.603 1 1 0.2998
 415  772.943 1 1 0.5489
 416  773.283 1 1 0.3095
 417  773.624 1 2 0.3489
 418  773.964 1 2 0.3202
 419  774.305 1 2 0.3539
 420  774.647 1 2 0.5217
 421  774.988 1 2 0.4738
 422  775.330 1 1 0.3164
 423  775.672 1 1 0.2866
 424  776.015 1 2 0.3686
 425  776.357 1 0 0.2689
 426  776.700 1 1 0.3500
 427  777.044 1 1 0.4035
 428  777.387 2 1 4.4632
 429  777.731 1 1 0.3679
 430  778.076 1 0 0.3396
 431  778.420 1 1 0.6250
 432  778.765 1 0 1.9258
 433  779.110 1 2 0.3399
 434  779.455 1 0 0.3547
 435  779.801 1 2 0.3456
 436  780.147 1 1 0.3822
 437  780.493 1 0 0.2409
 438  780.840 1 0 0.2123
 439  781.187 1 0 0.2184
 440  781.534 1 1 1.7635
 441  781.882 1 0 0.2238
 442  789.263 1 0 0.8507
 443  789.616 1 2 0.3600
 444  789.971 1 1 0.3614
 445  790.325 1 0 0.2303
 446  790.680 1 0 0.2726
 447  791.035 1 2 0.7977
 448  791.390 1 1 0.3806
 449  791.745 1 0 0.2350
 450  792.101 1 0 0.2489
 451  792.457 2 0 0.2716
 452  792.814 1 2 0.3914
 453  793.171 1 0 0.2372
 454  793.528 1 1 0.3444
 455  793.885 1 2 0.3602
 456  794.243 1 2 0.3679
 457  794.601 1 1 1.1078
 458  794.959 1 0 0.3140
 459  795.318 1 1 0.3305
 460  795.677 1 2 0.3816
 461  796.036 1 2 1.1414
 462  796.396 1 2 0.3580
 463  796.756 2 1 7.5087
 464  797.116 2 2 0.5470
 465  797.477 1 0 0.2638
 466  797.837 1 1 0.3310
 467  798.199 1 0 0.2429
 468  798.560 2 2 0.3826
 469  798.922 1 0 0.2280
 470  799.284 1 2 0.3703
 471  799.646 1 1 0.3501
 472  800.009 1 0 0.2444
 473  800.372 1 0 0.2469
 474  800.735 2 2 1.4458
 475  801.099 1 0 0.2380
 476  801.463 1 2 0.3513
 477  801.827 2 2 0.3543
 478  802.192 1 0 0.2392
 479  802.557 1 0 0.2314
 480  802.922 1 0 0.2387
 481  803.288 1 1 0.3424
 482  803.654 1 0 0.2590
 483  804.020 1 2 0.3911
 484  804.386 1 1 0.4367
 485  804.753 1 0 0.2554
 486  805.120 1 0 0.2400
 487  805.488 2 0 1.8374
 488  805.856 1 1 0.3220
 489  806.224 1 2 0.4777
 490  806.592 3 1 0.4505
 491  806.961 2 1 0.7526
 492  807.330 1 1 0.3782
 493  807.699 1 1 0.3356
 494  808.069 4 1 9.9999
 495  808.439 3 1 4.0977
 496  808.809 1 1 0.3166
 497  809.180 1 1 0.3022
 498  809.551 1 1 0.3647
 499  809.922 2 1 0.3399
 500  810.294 2 1 1.8195
 501  810.666 1 1 0.2954
 502  811.038 2 1 0.3773
 503  811.411 1 2 0.3580
 504  811.784 1 0 0.3195
 505  812.157 1 2 0.3782
 506  812.531 1 2 0.5850
 507  812.905 2 0 0.4940
 508  813.279 1 2 0.5193
 509  813.654 1 0 0.2819
 510  814.029 1 2 0.4594
 511  814.404 1 0 0.3178
 512  814.779 1 0 1.1752
 513  815.155 1 0 0.3188
 514  815.532 1 1 0.5077
 515  815.908 1 2 0.4940
 516  816.285 1 2 0.3940
 517  816.662 1 0 0.2663
 518  817.040 1 1 0.3101
 519  817.418 1 2 0.3510
 520  817.796 1 0 0.2362
 521  818.175 1 0 0.2257
 522  818.553 1 0 0.2754
 523  818.933 1 1 0.2974
 524  819.312 1 1 0.3449
 525  819.692 2 2 2.6147
 526  820.072 1 2 0.4019
 527  820.453 1 0 0.2670
 528  820.834 1 0 0.2602
 529  821.215 1 1 0.2967
 530  821.597 1 2 0.3529
 531  821.978 2 2 2.3368
 532  822.361 1 1 0.3027
 533  822.743 1 1 0.4136
 534  823.126 1 0 0.4436
 535  823.509 1 2 6.1242
 536  823.893 1 0 0.2308
 537  824.277 2 1 1.2255
 538  824.661 1 1 0.3076
 539  825.046 1 2 0.3579
 540  825.431 1 0 0.2417
 541  825.816 1 0 0.2310
 542  826.202 1 2 0.3772
 543  826.587 1 0 0.4269
 544  826.974 1 1 0.3310
 545  827.360 1 0 0.2268
 546  827.747 1 0 0.2590
 547  828.135 1 0 0.2561
 548  828.522 1 0 0.2472
 549  828.910 1 2 0.3723
 550  829.299 1 2 0.4485
 551  829.687 1 0 0.2783
 552  830.076 1 0 0.2492
 553  830.466 1 0 0.2504
 554  830.856 1 1 0.3296
 555  831.246 1 1 0.3365
 556  831.636 1 2 0.3806
 557  832.027 1 1 0.3449
 558  832.418 1 1 0.3569
 559  832.809 1 1 0.3298
 560  833.201 1 1 0.3386
 561  833.593 1 2 2.0232
 562  833.986 1 1 0.3193
 563  834.379 1 2 0.4291
 564  834.772 1 0 0.3078
 565  835.166 1 0 0.3153
 566  835.559 1 1 0.3960
 567  835.954 1 1 0.3942
 568  836.348 1 1 0.4021
 569  836.743 1 1 0.4993
 570  837.139 1 2 0.3820
 571  837.534 1 1 0.8061
 572  837.930 1 0 0.2596
 573  838.327 1 0 0.3034
 574  838.723 1 1 0.4176
 575  839.120 1 1 0.3789
 576  839.518 1 1 0.3600
 577  839.916 1 0 0.2853
 578  840.314 1 0 0.2661
 579  840.712 1 1 0.3636
 580  841.111 1 0 0.2804
 581  841.510 1 1 0.4614
 582  841.910 2 1 6.0761
 583  842.310 1 1 0.7967
 584  842.710 1 0 0.2788
 585  843.111 1 0 0.2943
 586  843.512 1 2 1.2215
 587  843.913 1 0 0.2841
 588  844.315 1 1 0.4241
 589  844.717 1 2 1.7610
 590  845.119 1 0 0.7034
 591  845.522 1 1 0.4469
 592  845.925 1 0 0.2819
 593  846.329 1 0 0.3713
 594  846.732 1 1 0.3989
 595  847.137 1 0 0.2871
 596  847.541 1 2 0.7151
 597  847.946 1 1 0.8639
 598  848.352 2 2 1.5936
 599  848.757 1 1 0.5201
 600  849.163 1 0 0.3756
 601  849.570 1 2 0.4553
 602  849.977 1 1 0.6837
 603  850.384 4 1 4.0420
 604  850.791 2 2 0.8716
 605  851.199 1 1 0.5617
 606  851.607 1 2 0.4835
 607  852.016 1 0 0.3278
 608  852.425 4 1 0.5126
 609  851.490 1 0 0.4402
 610  851.797 2 2 0.6132
 611  852.104 2 2 0.5610
 612  852.411 2 0 0.4054
 613  852.718 1 0 0.3989
 614  853.026 1 0 0.3827
 615  853.334 2 1 0.5982
 616  853.642 1 0 0.3646
 617  853.950 1 0 0.3685
 618  854.259 1 0 0.3580
 619  854.568 1 0 0.3420
 620  854.877 2 2 0.4583
 621  855.186 1 0 0.3300
 622  855.495 4 0 9.9999
 623  855.805 2 1 0.5114
 624  856.115 2 0 0.3260
 625  856.426 1 1 0.5429
 626  856.736 1 1 0.5071
 627  857.047 1 0 0.3354
 628  857.358 1 0 0.3119
 629  857.669 2 0 0.3371
 630  857.981 2 0 0.3988
 631  858.293 2 1 0.5049
 632  858.605 1 0 0.3436
 633  858.917 1 0 0.3170
 634  859.229 1 2 0.4112
 635  859.542 1 0 0.3055
 636  859.855 3 2 0.9744
 637  860.168 1 0 0.2987
 638  860.482 1 0 0.3072
 639  860.795 1 1 0.4556
 640  861.109 1 0 0.2852
 641  861.424 1 1 0.4225
 642  861.738 1 2 0.3575
 643  862.053 1 0 0.2791
 644  862.368 1 2 0.3527
 645  862.683 1 2 0.3888
 646  862.998 1 0 0.2360
 647  863.314 1 0 0.2420
 648  863.630 1 0 0.2559
 649  863.946 1 0 0.2298
 650  864.263 1 0 0.2309
 651  864.579 1 1 0.3604
 652  864.896 1 0 0.3317
 653  865.214 1 0 0.2225
 654  865.531 1 0 0.2189
 655  865.849 1 0 0.2137
 656  866.167 1 2 0.2889
 657  866.485 1 0 0.2346
 658  866.803 1 2 0.2950
 659  867.122 1 1 0.3459
 660  867.441 1 0 0.2451
 661  867.760 1 0 0.2016
 662  868.080 1 0 0.1992
 663  868.399 1 0 0.2026
 664  868.719 1 2 0.8152
 665  869.040 1 0 0.1969
 666  869.360 1 1 0.3174
 667  869.681 1 0 0.1991
 668  870.002 1 0 0.2093
 669  870.323 1 1 0.3288
 670  870.645 1 2 0.2762
 671  870.966 1 2 0.2682
 672  871.288 1 0 0.1948
 673  871.611 1 0 0.1965
 674  871.933 1 0 0.1894
 675  872.256 1 0 0.1867
 676  872.579 1 0 0.1949
 677  872.902 1 2 0.2702
 678  873.226 1 1 0.8539
 679  873.550 1 0 0.1846
 680  873.874 1 1 0.3058
 681  874.198 4 1 9.9999
 682  874.523 2 1 0.2982
 683  874.847 1 1 0.2812
 684  875.173 1 2 0.2375
 685  875.498 1 0 0.2100
 686  875.823 1 2 0.2346
 687  876.149 1 2 0.2279
 688  876.475 2 2 4.5151
 689  876.802 1 0 0.1623
 690  877.128 1 1 0.2720
 691  877.455 1 0 0.1641
 692  877.783 1 0 0.1608
 693  878.110 1 0 0.1588
 694  878.438 1 2 0.2216
 695  878.766 1 0 0.1690
 696  879.094 1 1 0.2575
 697  879.422 1 2 0.2182
 698  879.751 1 0 0.1657
 699  880.080 1 0 0.1598
 700  880.409 1 0 0.1553
 701  880.739 1 0 0.1576
 702  881.069 1 2 0.2143
 703  881.399 1 0 0.1687
 704  881.729 1 0 0.1532
 705  882.060 1 0 0.1625
 706  882.390 1 1 0.2911
 707  882.721 1 0 0.1644
 708  883.053 1 0 0.1696
 709  883.384 1 2 0.2077
 710  883.716 1 2 0.2190
 711  884.049 1 2 0.2057
 712  884.381 1 0 0.1490
 713  884.714 1 0 0.1847
 714  885.047 1 0 0.1495
 715  885.380 1 0 0.1653
 716  885.713 1 1 0.3985
 717  886.047 1 0 0.1883
 718  886.381 1 0 0.1413
 719  886.715 1 0 0.2209
 720  887.050 1 1 0.2460
 721  887.385 1 0 0.1472
 722  887.720 1 0 0.1396
 723  888.055 1 1 0.3773
 724  888.391 1 0 0.1432
 725  888.727 1 0 0.2060
 726  889.063 1 0 0.1380
 727  889.399 1 2 0.1973
 728  889.736 1 0 0.1418
 729  890.073 1 2 0.1872
 730  890.410 1 0 0.1410
 731  890.748 1 1 0.2254
 732  891.086 1 0 0.1395
 733  891.424 1 1 5.3030
 734  891.762 1 0 0.1501
 735  892.101 1 0 0.1421
 736  892.440 4 1 4.9836
 737  892.779 1 0 0.1802
 738  893.118 1 0 0.1421
 739  893.458 1 1 0.2102
 740  893.798 1 2 0.1913
 741  894.138 1 2 0.2010
 742  894.479 1 2 0.9599
 743  894.820 1 2 0.1989
 744  895.161 1 1 0.2326
 745  895.502 1 2 0.1894
 746  895.844 1 2 0.1841
 747  896.185 1 0 1.5994
 748  896.528 1 2 0.1849
 749  896.870 3 0 3.0137
 750  897.213 2 1 0.2944
 751  897.556 1 0 0.1331
 752  897.899 1 2 0.1777
 753  898.243 3 0 2.2137
 754  898.586 1 1 0.2169
 755  898.931 1 1 9.9999
 756  899.275 1 1 0.4350
 757  899.620 1 0 0.1266
 758  899.965 1 0 0.1292
 759  900.310 1 2 0.1742
 760  900.655 1 2 0.2932
 761  901.001 1 0 0.1376
 762  901.347 3 1 1.2484
 763  901.694 1 2 0.1629
 764  902.040 1 1 0.1914
 765  902.387 1 2 0.5202
 766  902.734 1 1 0.1853
 767  903.082 1 2 0.1533
 768  903.429 1 1 0.6115
 769  903.777 1 1 0.1788
 770  911.235 1 1 0.4784
 771  911.590 1 2 0.2093
 772  911.945 1 2 0.2296
 773  912.301 2 1 0.4580
 774  912.656 1 1 0.2832
 775  913.012 1 1 0.2063
 776  913.369 1 0 0.1376
 777  913.725 1 2 0.1843
 778  914.082 1 0 0.1517
 779  914.439 1 0 0.1301
 780  914.796 1 0 0.1281
 781  915.154 1 0 0.1274
 782  915.512 1 0 0.1306
 783  915.870 4 2 9.9999
 784  916.229 1 2 0.1747
 785  916.588 1 0 0.1219
 786  916.947 1 0 0.1126
 787  917.306 1 0 0.1093
 788  917.666 1 0 0.1417
 789  918.026 1 0 0.1338
 790  918.386 2 1 0.2274
 791  918.747 1 0 0.1237
 792  919.108 1 2 0.1500
 793  919.469 1 2 0.1602
 794  919.830 1 2 0.1430
 795  920.192 1 2 0.1636
 796  920.554 1 0 0.1013
 797  920.917 1 0 0.1010
 798  921.279 1 0 0.1299
 799  921.642 1 1 0.1499
 800  922.005 1 2 3.2916
 801  922.369 1 1 0.1573
 802  922.733 1 2 2.7646
 803  923.097 2 2 3.3729
 804  923.461 1 0 0.0982
 805  923.826 1 0 0.0987
 806  924.191 2 2 1.0045
 807  924.556 1 1 0.1467
 808  924.922 1 1 0.1880
 809  925.288 1 1 0.1523
 810  925.654 1 0 0.0997
 811  926.021 1 2 0.1394
 812  926.387 1 0 0.1002
 813  926.754 1 1 0.1645
 814  927.122 1 1 0.1372
 815  927.490 1 2 0.2474
 816  927.858 1 0 0.1250
 817  928.226 2 1 0.1422
 818  928.594 1 0 0.0926
 819  928.963 1 0 0.0915
 820  929.333 1 1 0.1646
 821  929.702 1 0 0.0907
 822  930.072 1 0 0.0929
 823  930.442 1 0 0.1072
 824  930.812 1 2 0.1613
 825  931.183 1 1 0.1374
 826  931.554 3 2 4.9256
 827  931.925 1 1 0.1630
 828  932.297 1 2 1.7608
 829  932.669 1 2 0.1722
 830  933.041 1 0 0.0877
 831  933.414 2 1 0.4357
 832  933.787 3 1 0.7901
 833  934.160 1 1 0.1359
 834  934.533 1 2 9.9999
 835  934.907 1 1 0.1455
 836  935.281 1 0 0.1088
 837  935.655 2 0 6.4227
 838  936.030 1 1 0.1296
 839  936.405 1 2 0.1196
 840  936.780 1 0 0.0912
 841  937.156 1 2 0.1790
 842  937.532 1 2 0.8939
 843  937.908 1 2 0.1243
 844  938.285 1 1 0.1385
 845  938.662 1 2 0.1183
 846  939.039 1 0 0.0938
 847  939.416 1 2 0.1326
 848  939.794 1 1 0.1295
 849  940.172 1 2 3.2776
 850  940.550 1 0 0.0969
 851  940.929 1 1 0.1267
 852  941.308 1 0 0.1153
 853  941.688 1 2 0.1222
 854  942.067 1 1 0.1303
 855  942.447 1 2 0.1219
 856  942.827 1 1 0.2961
 857  943.208 1 1 0.1364
 858  943.589 1 1 0.1277
 859  943.970 2 2 1.0348
 860  944.352 1 0 0.0834
 861  944.733 1 2 0.1167
 862  945.116 1 0 0.0917
 863  945.498 1 2 0.2662
 864  945.881 1 2 0.1187
 865  946.264 1 2 0.4019
 866  946.647 1 2 0.2765
 867  947.031 4 0 2.7219
 868  947.415 1 2 1.0333
 869  947.800 1 1 0.1324
 870  948.184 1 1 0.1317
 871  948.569 1 1 0.1605
 872  948.955 1 0 0.1125
 873  949.340 1 1 0.1263
 874  949.726 1 0 0.0869
 875  950.113 3 0 9.9999
 876  950.499 3 1 3.7096
 877  950.886 1 2 0.1212
 878  951.273 2 2 4.6699
 879  951.661 1 1 0.1287
 880  952.049 2 2 0.5624
 881  952.437 1 1 0.1341
 882  952.825 1 1 0.1292
 883  953.214 1 1 1.0728
 884  953.604 1 1 1.6532
 885  953.993 3 0 1.8720
 886  954.383 1 1 0.1378
 887  954.773 2 2 2.9055
 888  955.163 1 2 0.1138
 889  955.554 2 2 4.8323
 890  955.945 1 0 0.0886
 891  956.337 1 1 0.3343
 892  956.729 2 1 5.9015
 893  957.121 1 0 0.0855
 894  957.513 3 0 1.5228
 895  957.906 1 1 0.1284
 896  958.299 1 0 0.1375
 897  958.692 1 1 0.1326
 898  959.086 1 2 0.2077
 899  959.480 3 0 1.9129
 900  959.874 1 2 0.1147
 901  960.269 1 2 9.9999
 902  960.664 1 2 0.1178
 903  961.060 1 2 0.1135
 904  961.455 1 2 0.1120
 905  961.851 1 1 0.1483
 906  962.248 2 1 2.3248
 907  962.644 3 2 9.9999
 908  963.041 1 2 0.1193
 909  963.439 1 0 0.0869
 910  963.836 1 2 0.1126
 911  964.234 1 0 0.5716
 912  964.633 2 2 6.8202
 913  965.031 1 1 0.1418
 914  965.430 1 2 0.1302
 915  965.830 3 2 1.7064
 916  966.229 1 1 0.1250
 917  966.630 1 2 0.1098
 918  967.030 1 1 0.1301
 919  967.431 1 1 3.0395
 920  967.832 2 2 0.2587
 921  968.233 1 0 0.2731
 922  968.635 2 1 2.2848
 923  969.037 1 1 3.7971
 924  969.439 1 2 0.1067
 925  969.842 1 2 0.5133
 926  970.245 1 1 0.1213
 927  970.648 1 1 0.1215
 928  971.052 1 2 0.1138
 929  971.456 1 0 0.0835
 930  971.860 1 2 0.1404
 931  972.265 1 1 0.2918
 932  972.670 1 0 0.0904
 933  973.075 1 2 0.1310
 934  973.481 1 1 1.0837
 935  973.887 1 2 0.1108
 936  974.294 1 2 0.1051
 937  973.818 3 1 2.6371
 938  974.225 1 2 0.1318
 939  974.631 2 1 0.4107
 940  975.039 2 2 0.4453
 941  975.446 1 0 0.1545
 942  975.854 3 1 0.6035
 943  976.262 2 2 1.4283
 944  976.670 1 0 0.0861
 945  977.079 2 1 0.3281
 946  977.488 1 0 0.0999
 947  977.898 4 1 9.9999
 948  978.308 1 1 0.1240
 949  978.718 2 1 0.8083
 950  979.128 1 0 0.0959
 951  979.539 1 2 0.1267
 952  979.950 2 1 0.4700
 953  980.362 1 1 0.1227
 954  980.774 2 0 1.1091
 955  981.186 1 0 0.1201
 956  981.599 1 1 2.8430
 957  982.011 1 1 9.9999
 958  982.425 1 1 0.1957
 959  982.838 1 0 0.1263
 960  983.252 1 1 0.1291
 961  983.667 1 2 0.1900
 962  984.081 4 0 9.9999
 963  984.496 1 0 0.0794
 964  984.912 1 0 0.0943
 965  985.327 4 1 9.9999
 966  985.743 1 2 0.4339
 967  986.160 1 1 0.1232
 968  986.576 1 0 0.1040
 969  986.993 1 1 0.1300
 970  987.411 2 2 0.8380
 971  987.829 1 1 0.1390
 972  988.247 1 2 0.1146
 973  988.665 1 1 0.1821
 974  989.084 3 1 7.5232
 975  989.503 4 1 9.9999
 976  989.923 1 1 0.1365
 977  990.343 1 0 0.1389
 978  990.763 1 2 0.1122
 979  991.183 2 2 0.1135
 980  991.604 1 1 0.2193
 981  992.026 4 1 9.9999
 982  992.447 1 0 0.0762
 983  992.869 1 2 0.1424
 984  993.292 1 2 0.1146
 985  993.714 1 0 0.0878
 986  994.137 1 0 0.0798
 987  994.561 1 0 0.0759
 988  994.984 1 1 0.1233
 989  995.409 1 2 0.1145
 990  995.833 4 1 9.9999
 991  996.258 1 2 0.1794
 992  996.683 1 0 0.1028
 993  997.109 1 1 0.2101
 994  997.535 1 1 0.1335
 995  997.961 1 0 0.3104
 996  998.387 1 0 0.0827
 997  998.814 1 0 0.0825
 998  999.242 1 1 0.1228
 999  999.670 1 0 0.0786
1000 1000.098 1 1 0.1277
1001 1000.526 1 2 0.1205
1002 1000.955 1 0 0.0756
1003 1001.384 1 1 0.1396
1004 1001.813 1 0 0.0742
1005 1002.243 1 2 0.1108
1006 1002.674 1 0 0.1229
1007 1003.104 2 2 0.1219
1008 1003.535 1 2 0.1086
1009 1003.966 1 2 0.1073
1010 1004.398 1 0 0.1073
1011 1004.830 1 0 0.0894
1012 1005.263 1 0 0.0827
1013 1005.695 1 0 0.0823
1014 1006.129 1 2 0.1777
1015 1006.562 1 2 0.1198
1016 1006.996 1 2 0.1903
1017 1007.430 1 2 0.1079
1018 1007.865 1 0 0.0711
1019 1008.300 1 1 0.1172
1020 1008.735 1 0 0.0941
1021 1009.171 3 1 9.9999
1022 1009.607 1 2 0.1076
1023 1010.044 1 2 0.2115
1024 1010.480 1 0 0.0921
1025 1010.918 1 0 0.0792
1026 1011.355 1 0 0.0829
1027 1011.793 1 0 0.1111
1028 1012.231 1 0 0.1082
1029 1012.670 1 0 0.0727
1030 1013.109 1 1 0.1175
1031 1013.549 1 0 0.0775
1032 1013.988 1 0 0.0967
1033 1014.429 1 2 0.1097
1034 1014.869 1 1 0.1210
1035 1015.310 1 2 0.1374
1036 1015.751 1 0 0.1198
1037 1016.193 1 0 0.0803
1038 1016.635 1 2 0.1179
1039 1017.078 1 1 0.1217
1040 1017.520 1 0 0.0918
1041 1017.964 1 1 0.1527
1042 1018.407 1 0 0.1017
1043 1018.851 1 2 0.1137
1044 1019.296 1 1 0.1237
1045 1019.740 1 1 0.1240
1046 1020.185 1 0 0.0777
1047 1020.631 1 1 0.1224
1048 1021.077 1 2 0.1110
1049 1021.523 1 1 0.2753
1050 1021.969 1 0 0.0926
1051 1022.416 1 2 0.2946
1052 1022.864 1 2 0.1622
1053 1023.312 1 2 0.1191
1054 1023.760 1 2 0.2239
1055 1024.208 1 1 0.1339
1056 1024.657 1 0 0.1067
1057 1025.106 1 1 0.1381
1058 1025.556 1 2 0.1196
1059 1026.006 1 0 0.1582
1060 1026.457 1 2 0.1242
1061 1026.907 1 0 0.1325
1062 1027.359 1 2 0.1207
1063 1027.810 2 1 0.2153
1064 1028.262 1 2 0.1206
1065 1028.715 1 0 0.0993
1066 1029.167 1 1 9.9999
1067 1029.620 1 0 0.0924
1068 1030.074 2 2 0.1255
1069 1030.528 1 0 0.1188
1070 1030.982 1 0 0.0889
1071 1031.437 1 0 0.0844
1072 1031.892 1 0 0.0924
1073 1032.347 2 0 0.0888
1074 1032.803 1 0 0.0896
1075 1033.260 1 0 0.0882
1076 1033.716 2 1 0.1424
1077 1034.173 1 1 0.1412
1078 1034.631 1 0 0.1001
1079 1035.089 1 2 0.1332
1080 1035.547 1 0 0.1442
1081 1036.005 1 0 0.0970
1082 1036.465 1 0 0.1398
1083 1036.924 1 2 0.1334
1084 1037.384 1 0 0.0893
1085 1037.844 1 2 0.1428
1086 1038.305 1 0 0.0916
1087 1038.766 1 1 0.1544
1088 1039.227 1 2 0.1326
1089 1039.689 1 0 0.1190
1090 1040.151 1 0 0.0989
1091 1040.614 2 2 0.1333
1092 1041.077 1 0 0.1658
1093 1041.540 1 2 0.8193
1094 1042.004 2 0 0.1023
1095 1042.468 1 1 1.9091
1096 1042.933 1 0 0.2429
1097 1043.398 1 0 0.1068
1098 1043.863 1 0 0.1122
1099 1044.329 1 1 0.1562
1100 1044.795 1 0 0.0927
1101 1045.262 1 2 0.1891
1102 1045.729 2 1 0.1533
1103 1046.196 1 0 0.1005
1104 1056.075 1 2 0.1525
1105 1056.551 1 2 0.1804
1106 1057.027 1 0 0.1266
1107 1057.504 1 2 0.1597
1108 1057.981 1 0 0.1257
1109 1058.459 4 1 9.9999
1110 1058.936 1 2 0.1558
1111 1059.415 1 1 0.2431
1112 1059.893 1 0 0.1288
1113 1060.372 1 0 0.1212
1114 1060.852 1 2 0.1547
1115 1061.332 1 1 0.2300
1116 1061.812 1 0 0.1945
1117 1062.293 1 0 0.1197
1118 1062.774 1 0 0.1182
1119 1063.256 1 0 0.1185
1120 1063.738 1 2 0.6163
1121 1064.220 1 0 0.1209
1122 1064.703 1 2 0.1454
1123 1065.186 1 0 0.1122
1124 1065.670 1 0 0.1179
1125 1066.154 1 1 9.9999
1126 1066.639 1 2 0.1518
1127 1067.124 1 0 0.1135
1128 1067.609 2 2 0.1412
1129 1068.095 1 0 0.1084
1130 1068.581 1 0 0.1106
1131 1069.067 1 0 0.1119
1132 1069.554 1 0 0.1407
1133 1070.042 1 0 0.1094
1134 1070.530 1 2 0.1420
1135 1071.018 1 0 0.1182
1136 1071.507 1 0 0.1357
1137 1071.996 1 0 0.1132
1138 1072.485 1 2 0.1477
1139 1072.975 1 0 0.1193
1140 1073.466 1 0 0.1266
1141 1073.957 1 2 0.1851
1142 1074.448 1 0 0.1225
1143 1074.940 1 0 0.1181
1144 1075.432 1 2 0.1591
1145 1075.924 1 0 0.1346
1146 1076.417 1 2 0.1652
1147 1076.911 1 0 0.1190
1148 1077.404 2 0 2.1925
1149 1077.899 2 2 0.2737
1150 1078.393 1 0 0.1225
1151 1078.888 1 0 0.1246
1152 1079.384 1 0 0.1236
1153 1079.880 1 0 0.1370
1154 1080.376 1 1 0.2258
1155 1080.873 1 1 0.2463
1156 1081.370 1 1 0.2238
1157 1081.868 1 1 0.2710
1158 1082.366 1 1 0.2221
1159 1082.865 1 0 0.1210
1160 1083.364 1 2 0.1673
1161 1083.863 1 2 0.1689
1162 1084.363 1 0 0.1320
1163 1084.863 1 0 0.1266
1164 1085.364 1 0 0.1270
1165 1085.865 1 2 0.1740
1166 1086.367 1 1 0.4749
1167 1086.869 2 1 0.2310
1168 1087.371 1 1 0.2359
1169 1087.874 1 2 0.1694
1170 1088.378 1 0 0.1305
1171 1088.881 1 0 0.1254
1172 1089.386 1 0 0.1289
1173 1089.890 1 2 1.3705
1174 1090.395 1 0 0.1276
1175 1090.901 1 0 0.1254
1176 1091.407 1 2 0.1702
1177 1091.913 1 0 0.1771
1178 1092.420 1 0 0.1288
1179 1092.928 1 1 0.2339
1180 1093.435 1 0 0.1288
1181 1093.944 1 2 0.1808
1182 1094.452 1 0 0.1370
1183 1094.961 1 1 0.2339
1184 1095.471 1 2 0.1794
1185 1095.981 1 2 0.2554
1186 1096.491 1 2 0.1846
1187 1097.002 1 0 0.1327
1188 1097.514 1 0 0.1334
1189 1098.025 1 0 0.1456
1190 1098.538 1 1 0.2904
1191 1099.050 1 2 0.1898
1192 1099.563 1 1 0.4199
1193 1100.077 3 0 2.1308
1194 1100.591 1 0 0.1393
1195 1101.106 1 1 0.2505
1196 1101.621 1 2 0.1966
1197 1102.136 1 2 0.2110
1198 1102.652 2 2 0.3368
1199 1103.168 1 2 0.1993
1200 1103.685 1 0 0.1863
1201 1104.202 1 0 0.1489
1202 1104.720 1 0 0.1480
1203 1105.238 3 0 2.5353
1204 1105.756 1 1 0.2683
1205 1106.276 1 2 0.2264
1206 1106.795 1 0 0.1555
1207 1107.315 1 1 0.2906
1208 1107.835 1 1 9.9999
1209 1108.356 1 1 0.2800
1210 1108.878 2 0 9.9999
1211 1109.399 1 2 0.2214
1212 1109.922 1 2 0.2515
1213 1110.444 1 0 0.1740
1214 1110.968 1 1 0.2849
1215 1111.491 1 2 0.2579
1216 1112.015 1 1 2.5290
1217 1112.540 1 1 0.2957
1218 1113.065 1 0 0.1630
1219 1113.590 1 0 0.1663
1220 1114.116 1 2 0.2400
1221 1114.643 1 0 0.1734
1222 1115.170 2 2 0.2313
1223 1115.697 1 2 0.2371
1224 1116.225 2 2 0.2404
1225 1116.753 2 1 0.2551
1226 1117.282 1 0 0.2176
1227 1117.811 1 2 0.2414
1228 1118.341 1 2 0.2574
1229 1118.871 1 2 0.2533
1230 1119.402 1 0 0.2890
1231 1119.933 1 1 0.3404
1232 1120.464 1 1 0.3202
1233 1120.996 1 1 0.3240
1234 1121.529 1 0 0.1858
1235 1122.062 1 1 0.3352
1236 1122.595 1 0 0.1911
1237 1123.129 1 2 0.3015
1238 1123.664 1 2 0.2688
1239 1124.199 1 0 0.2585
1240 1124.734 4 1 9.9999
1241 1125.270 1 2 0.2895
1242 1125.806 1 1 6.8415
1243 1126.343 1 1 0.3474
1244 1126.880 1 2 0.3468
1245 1127.418 1 2 0.2952
1246 1127.956 3 1 4.0178
1247 1128.495 1 0 0.2155
1248 1129.034 1 1 0.3565
1249 1129.574 1 2 0.2938
1250 1130.114 1 2 0.3002
1251 1130.655 1 0 0.2225
1252 1131.196 1 2 0.3030
1253 1131.738 1 0 0.2164
1254 1132.280 1 1 0.4009
1255 1132.822 1 2 0.3429
1256 1133.365 1 2 0.3311
1257 1133.909 1 0 0.2334
1258 1134.453 1 2 0.3200
1259 1134.997 1 0 0.2370
1260 1135.542 1 0 0.2454
1261 1136.088 1 0 0.2500
1262 1136.634 1 2 0.3604
1263 1216.974 1 0 0.0851
1264 1217.481 1 1 0.1329
1265 1217.988 1 0 0.0858
1266 1218.496 1 0 0.1014
1267 1219.004 1 0 0.0837
1268 1219.513 1 0 0.0826
1269 1220.022 1 0 0.0819
1270 1220.531 1 0 0.0814
1271 1221.041 1 0 0.0825
1272 1221.552 1 1 0.1373
1273 1222.063 1 1 0.1315
1274 1222.574 1 1 0.1319
1275 1223.085 1 0 0.0866
1276 1223.597 1 0 0.0848
1277 1224.110 1 2 0.0937
1278 1224.623 1 1 0.1315
1279 1225.136 1 2 0.0911
1280 1225.650 4 0 9.9999
1281 1226.164 2 0 0.0819
1282 1226.679 2 0 0.0810
1283 1227.194 2 2 0.2434
1284 1227.709 1 1 0.1262
1285 1228.225 1 0 0.0845
1286 1228.742 1 2 0.0880
1287 1229.258 2 1 0.1294
1288 1229.775 2 0 0.0796
1289 1230.293 2 0 0.0792
1290 1230.811 2 0 0.0772
1291 1231.330 2 0 0.0776
1292 1231.849 2 0 0.0772
1293 1232.368 2 0 0.0851
1294 1232.888 2 0 0.0803
1295 1233.408 2 0 0.0750
1296 1233.929 2 0 0.0755
1297 1234.450 2 1 0.1237
1298 1234.971 2 0 0.0790
1299 1235.493 2 0 0.0772
1300 1236.016 1 0 0.0800
1301 1236.538 1 0 0.0783
1302 1237.062 1 0 0.0791
1303 1237.585 1 0 0.0921
1304 1238.110 1 0 0.0770
1305 1238.634 1 0 0.0798
1306 1239.159 1 2 0.0859
1307 1239.685 1 0 0.0773
1308 1240.211 1 1 0.1505
1309 1240.737 1 0 0.0794
1310 1241.264 1 2 0.0876
1311 1241.791 1 2 0.0922
1312 1242.319 1 0 0.0925
1313 1242.847 1 2 0.1015
1314 1243.375 1 0 0.0888
1315 1243.904 1 0 0.0910
1316 1244.434 1 0 0.0800
1317 1244.964 1 0 0.0847
1318 1245.494 1 0 0.0839
1319 1246.025 1 0 0.0832
1320 1246.556 1 2 0.0926
1321 1247.088 1 0 0.0854
1322 1247.620 1 1 0.1290
1323 1248.152 1 0 0.0881
1324 1248.685 1 2 0.0913
1325 1249.219 1 2 0.1014
1326 1249.753 1 0 0.0821
1327 1250.287 1 2 0.0931
1328 1250.822 1 2 0.2483
1329 1251.357 1 0 0.0835
1330 1251.893 1 0 0.0841
1331 1252.429 1 0 0.0881
1332 1252.966 1 0 0.0852
1333 1253.503 1 0 0.0847
1334 1254.040 1 0 0.0847
1335 1254.578 1 0 0.0894
1336 1255.116 1 0 0.0862
1337 1255.655 1 2 0.1076
1338 1256.195 1 1 0.1337
1339 1256.734 1 1 0.1393
1340 1257.275 1 0 0.0853
1341 1257.815 1 0 0.0843
1342 1258.357 1 1 0.1379
1343 1258.898 1 0 0.0840
1344 1259.440 1 0 0.0877
1345 1259.983 1 0 0.0882
1346 1260.526 1 0 0.0851
1347 1261.069 1 0 0.0908
1348 1261.613 1 0 0.0860
1349 1262.157 1 0 0.0901
1350 1262.702 1 2 0.0998
1351 1263.247 3 2 9.9999
1352 1263.793 1 0 0.0981
1353 1264.339 1 2 0.1079
1354 1264.886 2 2 0.1701
1355 1265.433 2 1 9.9999
1356 1265.981 1 0 0.1014
1357 1266.529 1 0 0.0905
1358 1267.077 1 0 0.1019
1359 1267.626 1 0 0.0988
1360 1268.176 1 0 0.0913
1361 1268.726 1 0 0.0939
1362 1269.276 1 0 0.0956
1363 1269.827 1 0 0.1502
1364 1270.378 1 0 0.0965
1365 1270.930 1 0 0.0928
1366 1271.482 1 0 0.0972
1367 1272.035 1 0 0.1001
1368 1272.588 1 1 0.1564
1369 1284.348 1 0 0.0999
1370 1284.911 1 2 0.1021
1371 1285.475 1 0 0.1012
1372 1286.039 1 0 0.1239
1373 1286.604 1 0 0.1050
1374 1287.169 1 0 0.1014
1375 1287.735 1 0 0.1084
1376 1288.301 1 0 0.1032
1377 1288.868 1 0 0.1026
1378 1289.435 1 2 0.1068
1379 1290.003 1 2 0.1068
1380 1290.571 1 2 0.1241
1381 1291.139 1 2 0.1141
1382 1291.709 1 2 0.1079
1383 1292.278 1 0 0.1052
1384 1292.848 1 0 0.1057
1385 1293.419 1 0 0.1059
1386 1293.990 1 0 0.1125
1387 1294.561 1 2 0.1112
1388 1295.133 1 0 0.1104
1389 1295.706 1 0 0.1120
1390 1296.279 1 1 0.1792
1391 1296.853 1 0 0.1082
1392 1297.427 1 0 0.1134
1393 1298.001 1 0 0.1092
1394 1298.576 1 0 0.1107
1395 1299.151 1 0 0.1150
1396 1299.727 1 2 0.1200
1397 1300.304 1 2 0.7108
1398 1300.881 1 2 0.1489
1399 1301.458 3 2 9.9999
1400 1302.036 1 1 0.1782
1401 1302.615 1 0 0.1131
1402 1303.194 1 0 0.1128
1403 1303.773 1 0 0.1173
1404 1304.353 1 0 0.1134
1405 1304.934 1 2 0.1157
1406 1305.515 1 0 0.1130
1407 1306.096 1 0 0.1154
1408 1306.678 1 2 0.1238
1409 1307.260 1 0 0.1159
1410 1307.843 1 0 0.1159
1411 1308.427 1 0 0.1195
1412 1309.011 1 0 0.1190
1413 1309.595 1 0 0.1241
1414 1310.180 1 0 0.1206
1415 1310.766 1 0 0.1240
1416 1311.352 1 0 0.1278
1417 1311.938 1 0 0.1267
1418 1312.525 1 0 0.1221
1419 1313.113 1 1 0.2015
1420 1313.701 1 2 0.1312
1421 1314.289 1 0 0.1260
1422 1314.878 1 0 0.1268
1423 1315.468 1 0 0.1279
1424 1316.058 1 0 0.1303
1425 1316.648 1 1 0.2128
1426 1317.239 1 0 0.1317
1427 1317.831 1 0 0.1324
1428 1318.423 1 0 0.1322
1429 1319.016 1 0 0.1348
1430 1319.609 1 2 0.1371
1431 1320.202 1 1 0.2345
1432 1320.796 1 0 0.1358
1433 1321.391 1 0 0.1361
1434 1321.986 1 0 0.1376
1435 1322.582 1 0 0.1454
1436 1323.178 1 0 0.1467
1437 1323.775 1 0 0.1448
1438 1324.372 1 1 0.2797
1439 1324.970 1 0 0.1467
1440 1325.568 1 0 0.1461
1441 1326.167 1 0 0.1450
1442 1326.766 1 0 0.1483
1443 1327.366 1 0 0.1499
1444 1327.967 1 0 0.1511
1445 1328.567 1 0 0.1553
1446 1329.169 1 0 0.1572
1447 1329.771 1 0 0.1578
1448 1330.373 1 0 0.1574
1449 1330.976 1 0 0.1575
1450 1331.580 1 0 0.1587
1451 1332.184 1 0 0.1651
1452 1332.788 1 0 0.2146
1453 1333.393 1 0 0.1638
1454 1333.999 1 1 0.2756
1455 1334.605 1 0 0.1652
1456 1335.212 1 0 0.1688
1457 1335.819 1 0 0.1691
1458 1336.427 1 2 0.1831
1459 1337.035 1 2 0.1762
1460 1337.644 1 2 0.1711
1461 1338.253 1 1 0.2784
1462 1338.863 1 0 0.1773
1463 1338.161 1 0 0.0950
1464 1338.669 1 0 0.0942
1465 1339.178 1 2 0.1418
1466 1339.687 1 0 0.0984
1467 1340.196 1 1 0.1288
1468 1340.706 1 0 0.0914
1469 1341.216 1 1 0.1288
1470 1341.727 1 0 0.0908
1471 1342.238 1 0 0.0950
1472 1342.749 1 0 0.0908
1473 1343.261 1 0 0.0868
1474 1343.773 1 0 0.0875
1475 1344.286 1 2 0.1230
1476 1344.799 1 1 0.1316
1477 1345.312 1 2 0.1323
1478 1345.826 1 2 0.1171
1479 1346.340 1 1 0.1283
1480 1346.855 1 0 0.1047
1481 1347.370 1 2 0.1181
1482 1347.886 1 0 0.1053
1483 1348.402 2 0 0.0858
1484 1348.918 2 0 0.0827
1485 1349.435 2 2 0.1080
1486 1349.952 2 2 0.1309
1487 1350.469 2 1 0.2364
1488 1350.987 2 2 0.2339
1489 1351.506 2 1 0.1470
1490 1352.025 2 2 0.4770
1491 1352.544 2 1 0.1167
1492 1353.063 2 2 0.2226
1493 1353.584 2 0 0.0873
1494 1354.104 1 1 0.1159
1495 1354.625 1 0 0.0831
1496 1355.146 1 1 0.1342
1497 1355.668 1 0 0.0828
1498 1356.190 1 1 0.1139
1499 1356.713 1 0 0.0805
1500 1357.236 1 1 0.1161
1501 1357.759 1 1 0.1134
1502 1358.283 1 0 0.0794
1503 1358.807 1 0 0.0837
1504 1359.332 1 0 0.0787
1505 1359.857 1 0 0.0877
1506 1360.383 1 0 0.0771
1507 1360.909 2 1 0.4313
1508 1361.435 1 2 0.1052
1509 1361.962 1 2 0.1048
1510 1362.489 1 0 0.0852
1511 1363.017 1 0 0.0964
1512 1363.545 1 2 0.2169
1513 1364.073 1 1 0.1077
1514 1364.602 1 0 0.0764
1515 1365.131 1 2 0.8215
1516 1365.661 1 0 0.0769
1517 1366.191 1 2 0.1184
1518 1366.722 1 0 0.0755
1519 1367.253 1 2 0.1049
1520 1367.785 1 0 0.0756
1521 1368.317 1 0 0.0750
1522 1368.849 1 0 0.0729
1523 1369.382 1 0 0.0746
1524 1369.915 1 0 0.0722
1525 1370.449 1 0 0.0725
1526 1370.983 1 0 0.0722
1527 1371.517 1 0 0.0758
1528 1372.052 1 0 0.0708
1529 1372.588 1 0 0.0711
1530 1373.123 1 0 0.0736
1531 1373.660 1 0 0.0762
1532 1374.196 1 0 0.0705
1533 1374.733 1 1 0.1233
1534 1375.271 1 0 0.0757
1535 1375.809 1 0 0.0692
1536 1376.347 1 0 0.0709
1537 1376.886 1 0 0.0702
1538 1377.425 1 0 0.0698
1539 1377.965 1 1 0.1000
1540 1378.505 1 0 0.0724
1541 1379.046 1 2 0.0932
1542 1379.587 1 1 0.1013
1543 1380.128 1 2 0.0953
1544 1380.670 1 0 0.0696
1545 1381.213 1 2 0.0959
1546 1381.756 1 0 0.0736
1547 1382.299 1 0 0.0724
1548 1382.842 1 0 0.0704
1549 1383.387 1 0 0.0701
1550 1383.931 1 0 0.0710
1551 1384.476 1 0 0.0696
1552 1385.022 1 0 0.1196
1553 1385.568 1 0 0.0709
1554 1386.114 1 0 0.0732
1555 1386.661 1 0 0.0747
1556 1387.208 1 0 0.0695
1557 1387.756 1 1 0.0991
1558 1388.304 1 1 0.0989
1559 1388.852 1 0 0.0716
1560 1389.401 1 0 0.0707
1561 1389.951 1 0 0.0707
1562 1390.501 1 0 0.0727
1563 1391.051 1 0 0.0911
1564 1391.602 1 0 0.0730
1565 1392.153 1 2 0.0940
1566 1392.705 1 0 0.0696
1567 1393.257 1 0 0.0760
1568 1393.810 1 0 0.0740
1569 1394.363 1 0 0.0726
1570 1394.916 1 0 0.0712
1571 1395.470 1 2 0.0959
1572 1396.025 1 0 0.0694
1573 1396.579 1 0 0.0805
1574 1397.135 1 0 0.0729
1575 1397.691 1 0 0.0869
1576 1398.247 1 0 0.0768
1577 1398.803 1 0 0.0706
1578 1399.361 1 1 0.0984
1579 1399.918 1 0 0.0875
1580 1400.476 1 0 0.0702
1581 1401.035 1 0 0.0700
1582 1401.594 1 0 0.0716
1583 1402.153 1 0 0.0706
1584 1402.713 1 1 0.1007
1585 1403.273 1 0 0.0712
1586 1403.834 1 0 0.0788
1587 1404.396 1 0 0.0714
1588 1404.957 1 0 0.0712
1589 1405.519 1 0 0.0780
1590 1406.082 1 1 0.1001
1591 1406.645 1 0 0.0701
1592 1407.209 1 2 0.0950
1593 1407.773 1 1 0.1025
1594 1408.337 1 0 0.0906
1595 1408.902 1 1 0.1215
1596 1409.468 1 2 0.0939
1597 1410.034 1 1 0.1016
1598 1410.600 1 0 0.0712
1599 1411.167 1 0 0.0712
1600 1411.734 1 1 0.1029
1601 1412.302 1 2 0.0935
1602 1412.870 1 0 0.0717
1603 1413.439 1 0 0.0905
1604 1414.008 1 0 0.0710
1605 1414.578 1 0 0.0858
1606 1415.148 1 0 0.0725
1607 1415.718 1 2 0.0971
1608 1416.289 1 0 0.0770
1609 1416.861 1 1 0.1024
1610 1417.433 1 2 0.0981
1611 1418.005 1 2 0.0969
1612 1418.578 1 0 0.0733
1613 1419.151 1 2 0.1307
1614 1419.725 1 0 0.0846
1615 1420.300 1 0 0.0722
1616 1420.874 1 0 0.0729
1617 1421.450 1 0 0.0949
1618 1422.026 1 0 0.0732
1619 1422.602 1 0 0.0930
1620 1423.178 1 0 0.0749
1621 1423.756 1 0 0.0744
1622 1424.333 1 0 0.0753
1623 1424.911 1 0 0.0750
1624 1425.490 1 2 0.1013
1625 1426.069 1 0 0.0741
1626 1426.649 1 0 0.0837
1627 1427.229 1 0 0.0739
1628 1427.809 1 0 0.0767
1629 1428.390 1 0 0.0737
1630 1428.972 1 0 0.0742
1631 1429.554 1 0 0.0750
1632 1430.136 1 0 0.0790
1633 1430.719 1 0 0.0755
1634 1431.303 1 0 0.0745
1635 1431.887 1 0 0.0742
1636 1432.471 1 1 0.1140
1637 1433.056 1 0 0.0749
1638 1433.641 1 0 0.0753
1639 1434.227 1 0 0.0767
1640 1434.814 1 0 0.0767
1641 1435.400 1 1 0.1149
1642 1435.988 1 0 0.0958
1643 1436.576 1 2 0.1051
1644 1437.164 1 1 0.1360
1645 1437.753 1 0 0.0787
1646 1438.342 1 0 0.0814
1647 1438.932 1 0 0.0803
1648 1439.522 1 0 0.0911
1649 1440.113 1 1 0.1190
1650 1440.704 1 0 0.0982
1651 1441.296 1 0 0.0883
1652 1441.888 1 2 0.1127
1653 1442.481 1 0 0.0913
1654 1443.074 1 2 0.1206
1655 1460.265 1 2 0.1141
1656 1460.873 1 0 0.0890
1657 1461.482 1 1 0.1004
1658 1462.091 1 0 0.0819
1659 1462.701 1 0 0.0828
1660 1463.311 1 0 0.0858
1661 1463.922 1 0 0.0868
1662 1464.533 1 0 0.1054
1663 1465.145 1 0 0.0780
1664 1465.758 1 0 0.0805
1665 1466.371 1 1 0.0929
1666 1466.984 1 0 0.0747
1667 1467.598 1 0 0.0753
1668 1468.212 1 0 0.0727
1669 1468.827 1 1 0.0893
1670 1469.443 1 0 0.0880
1671 1470.059 1 1 0.0895
1672 1470.675 2 1 9.9999
1673 1471.292 1 0 0.0706
1674 1471.910 1 0 0.0736
1675 1472.528 1 0 0.0701
1676 1473.146 1 1 0.0860
1677 1473.765 1 0 0.0695
1678 1474.385 1 0 0.0698
1679 1475.005 1 2 0.0989
1680 1475.625 1 0 0.0699
1681 1476.247 1 0 0.0692
1682 1476.868 1 1 0.0868
1683 1477.490 1 2 0.1106
1684 1478.113 1 0 0.0708
1685 1478.736 1 0 0.0715
1686 1479.360 1 0 0.0741
1687 1479.984 1 0 0.0804
1688 1480.609 1 0 0.0706
1689 1481.234 1 0 0.1377
1690 1481.860 1 1 0.1139
1691 1482.486 3 2 9.9999
1692 1483.113 1 0 0.0724
1693 1483.741 1 2 0.1040
1694 1484.369 1 1 0.0869
1695 1484.997 1 0 0.0701
1696 1485.626 1 0 0.0711
1697 1486.255 1 0 0.0690
1698 1486.885 1 1 0.0870
1699 1487.516 1 2 0.0999
1700 1488.147 1 0 0.0728
1701 1488.779 1 0 0.0703
1702 1489.411 1 1 0.0872
1703 1490.044 1 0 0.0704
1704 1490.677 1 0 0.0714
1705 1491.311 1 0 0.0699
1706 1491.945 1 0 0.0749
1707 1492.580 1 0 0.0819
1708 1493.215 1 0 0.0704
1709 1493.851 1 0 0.0722
1710 1494.487 1 0 0.0717
1711 1495.124 1 0 0.0735
1712 1495.762 2 1 1.1921
1713 1496.400 2 2 9.9999
1714 1497.038 1 0 0.0712
1715 1497.677 1 0 0.0860
1716 1498.317 1 0 0.0722
1717 1498.957 1 0 0.0720
1718 1499.598 1 0 0.0716
1719 1500.239 1 0 0.0910
1720 1500.881 1 1 0.0963
1721 1501.523 1 1 0.0904
1722 1502.166 1 1 0.0931
1723 1502.810 1 2 0.1121
1724 1503.454 1 1 0.1045
1725 1504.098 2 1 0.1243
1726 1504.743 2 0 0.0992
1727 1505.389 2 1 0.1468
1728 1506.035 2 1 0.2552
1729 1506.682 2 1 1.4398
1730 1507.329 3 1 9.9999
1731 1507.977 3 1 3.3435
1732 1508.625 2 2 9.9999
1733 1509.274 2 1 0.6918
1734 1509.924 2 1 0.6259
1735 1510.574 3 1 9.9999
1736 1511.224 2 2 9.9999
1737 1511.875 1 1 0.1025
1738 1512.527 1 1 0.1210
1739 1513.179 1 0 0.1136
1740 1513.832 1 1 0.1042
1741 1514.485 2 1 0.4436
1742 1515.139 1 0 0.0848
1743 1515.793 1 0 0.0858
1744 1516.448 1 0 0.0869
1745 1517.104 1 2 0.1278
1746 1517.760 1 1 0.3830
1747 1518.417 1 0 0.1541
1748 1519.074 1 0 0.0895
1749 1519.732 1 0 0.1087
1750 1520.390 1 0 0.0962
1751 1521.049 1 0 0.0898
1752 1521.708 1 0 0.0954
1753 1522.368 1 0 0.0918
1754 1523.029 1 0 0.0941
1755 1523.690 1 0 0.0969
1756 1524.352 1 0 0.0941
1757 1525.014 1 1 0.1147
1758 1525.677 1 0 0.0936
1759 1526.340 3 0 9.9999
1760 1527.004 1 0 0.0923
1761 1541.096 1 0 0.1161
1762 1541.772 1 0 0.1160
1763 1542.449 1 0 0.1165
1764 1543.126 1 0 0.1188
1765 1543.803 1 0 0.1440
1766 1544.482 1 0 0.1290
1767 1545.160 1 0 0.1206
1768 1545.840 1 0 0.1188
1769 1546.520 1 2 0.1687
1770 1547.200 1 0 0.1228
1771 1547.881 1 0 0.1214
1772 1548.563 1 2 0.1689
1773 1549.245 1 0 0.1195
1774 1549.928 1 2 0.1691
1775 1550.612 1 0 0.1206
1776 1551.296 1 0 0.1216
1777 1551.980 1 0 0.1188
1778 1552.666 1 0 0.1204
1779 1553.351 1 0 0.1207
1780 1554.038 1 0 0.1223
1781 1554.725 4 0 9.9999
1782 1555.412 1 2 0.1767
1783 1556.100 1 0 0.1287
1784 1556.789 1 2 0.1731
1785 1557.478 1 1 0.1495
1786 1558.168 2 2 1.6113
1787 1558.859 2 1 0.1620
1788 1559.550 4 0 9.9999
1789 1560.242 1 2 0.1807
1790 1560.934 1 0 0.1321
1791 1561.627 1 2 9.9999
1792 1562.320 3 0 9.9999
1793 1563.014 1 2 0.1925
1794 1563.709 1 0 0.1456
1795 1564.404 1 0 0.1427
1796 1565.100 1 1 0.1690
1797 1565.797 1 0 0.1419
1798 1566.494 1 0 0.1429
1799 1567.192 1 1 0.3518
1800 1567.890 1 0 0.1450
1801 1568.589 1 0 0.1455
1802 1569.288 1 2 0.2018
1803 1569.988 1 0 0.1843
1804 1570.689 1 0 0.1518
1805 1571.390 1 2 0.2001
1806 1572.092 1 0 0.1504
1807 1572.795 1 1 0.2015
1808 1573.498 1 0 0.1600
1809 1574.201 1 0 0.1706
1810 1574.906 1 0 0.1565
1811 1575.611 1 0 0.1832
1812 1576.316 1 0 0.2427
1813 1577.022 1 0 0.1760
1814 1577.729 1 0 0.1716
1815 1578.437 1 0 0.1655
1816 1579.145 1 0 0.1687
1817 1579.853 1 0 0.1701
1818 1580.562 1 2 0.2431
1819 1581.272 1 0 0.1719
1820 1581.983 1 0 0.1813
1821 1582.694 1 0 0.1761
1822 1583.405 1 0 0.1794
1823 1584.118 1 0 0.1820
1824 1584.831 1 0 0.1794
1825 1585.544 1 0 0.1877
1826 1586.258 1 0 0.1866
1827 1586.973 1 0 0.1896
1828 1587.688 1 0 0.1879
1829 1588.404 1 1 0.2365
1830 1589.121 1 0 0.1930
1831 1589.838 1 0 0.2055
1832 1590.556 1 0 0.2148
1833 1591.275 1 2 0.2818
1834 1591.994 1 0 0.2042
1835 1592.714 1 0 0.2163
1836 1593.434 1 2 0.2913
1837 1594.155 1 0 0.2162
1838 1594.877 1 0 0.2160
1839 1595.599 1 0 0.2195
1840 1596.322 1 0 0.2314
1841 1597.045 1 0 0.2303
1842 1597.769 1 1 0.2861
1843 1598.494 1 0 0.2292
1844 1599.220 1 0 0.2406
1845 1599.946 1 0 0.2425
1846 1600.672 1 0 0.2686
1847 1601.400 1 1 0.3160
1848 1602.128 1 0 0.2763
1849 1602.856 1 0 0.2670
1850 1603.586 1 0 0.2722
1851 1604.315 1 0 0.2722
1852 1605.046 1 0 0.2769
1853 1605.777 1 2 0.3837
1854 1606.509 1 0 0.2885
1855 1607.241 1 0 0.3561
1856 1607.974 1 0 0.3021
1857 1608.708 1 2 0.4211
1858 1609.442 1 0 0.3150
1859 1610.177 1 0 0.3859
1860 1610.913 1 2 0.4272
1861 1611.649 1 0 0.3239
1862 1612.386 1 0 0.3217
1863 1613.124 1 0 0.3299
1864 1613.862 1 0 0.3384
1865 2181.494 1 1 0.1123
1866 2182.400 1 1 0.1128
1867 2183.306 1 0 0.0834
1868 2184.213 1 1 0.1119
1869 2185.121 1 1 0.1144
1870 2186.030 1 0 0.0831
1871 2186.939 1 0 0.0822
1872 2187.850 1 0 0.0827
1873 2188.761 1 0 0.0819
1874 2189.672 1 1 0.1100
1875 2190.585 1 0 0.0829
1876 2191.498 1 0 0.0823
1877 2192.412 1 0 0.0825
1878 2193.326 1 2 0.1208
1879 2194.242 1 0 0.0831
1880 2195.158 1 2 0.1188
1881 2196.075 1 0 0.0847
1882 2196.992 1 0 0.0872
1883 2197.911 1 0 0.0872
1884 2198.830 1 0 0.0865
1885 2199.750 1 0 0.0871
1886 2200.671 1 0 0.0872
1887 2201.592 1 0 0.0912
1888 2202.514 1 0 0.0885
1889 2203.437 1 0 0.0913
1890 2204.361 1 1 0.1208
1891 2205.285 1 0 0.0898
1892 2206.211 1 0 0.0910
1893 2207.137 1 0 0.0914
1894 2208.063 1 0 0.0902
1895 2208.991 1 0 0.0911
1896 2209.919 1 1 0.1235
1897 2210.848 1 1 0.1229
1898 2211.778 1 1 0.1227
1899 2212.709 1 1 0.1224
1900 2213.640 1 0 0.0914
1901 2214.572 1 0 0.0911
1902 2215.505 1 0 0.0907
1903 2216.439 1 1 0.1242
1904 2217.373 1 0 0.0927
1905 2218.308 1 0 0.0891
1906 2219.244 1 0 0.0921
1907 2220.181 1 0 0.0930
1908 2221.118 1 0 0.0927
1909 2222.057 1 0 0.0922
1910 2222.996 1 0 0.0936
1911 2223.936 1 0 0.0927
1912 2224.876 1 0 0.0943
1913 2225.818 1 0 0.0958
1914 2226.760 1 0 0.0949
1915 2227.703 1 0 0.0952
1916 2228.647 1 0 0.0968
1917 2229.591 1 0 0.0973
1918 2230.536 1 0 0.0983
1919 2231.483 1 1 0.1364
1920 2232.429 1 0 0.0973
1921 2233.377 1 1 0.1362
1922 2234.326 3 1 9.9999
1923 2235.275 1 0 0.1010
1924 2236.225 1 0 0.1064
1925 2237.176 1 0 0.1010
1926 2238.127 1 0 0.1035
1927 2239.080 1 1 0.1413
1928 2240.033 1 0 0.1047
1929 2240.987 1 0 0.1055
1930 2241.942 1 0 0.1088
1931 2242.897 1 0 0.1053
1932 2243.853 1 0 0.1058
1933 2244.811 1 0 0.1163
1934 2245.769 1 0 0.1089
1935 2246.727 1 0 0.1095
1936 2247.687 1 0 0.1106
1937 2248.647 1 0 0.1249
1938 2249.608 1 0 0.1117
1939 2250.570 1 0 0.1112
1940 2251.533 1 0 0.1123
1941 2252.497 1 0 0.1138
1942 2253.461 1 0 0.1146
1943 2254.426 1 0 0.1150
1944 2255.392 1 2 0.1608
1945 2256.359 1 0 0.1181
1946 2257.326 1 0 0.1167
1947 2258.295 1 0 0.1190
1948 2259.264 1 0 0.1199
1949 2260.234 1 2 0.1710
1950 2261.205 1 0 0.1211
1951 2262.176 1 0 0.1240
1952 2263.149 1 0 0.1225
1953 2264.122 1 0 0.1240
1954 2265.096 1 0 0.1258
1955 2266.071 1 2 0.1806
1956 2267.047 1 0 0.1301
1957 2268.023 1 0 0.1288
1958 2269.000 1 0 0.1295
1959 2269.979 1 0 0.1342
1960 2270.958 1 0 0.1334
1961 2271.937 1 0 0.1343
1962 2272.918 1 0 0.1363
1963 2273.899 1 2 0.1906
1964 2274.882 1 0 0.1377
1965 2275.865 1 2 0.2017
1966 2276.848 1 0 0.1452
1967 2277.833 1 0 0.1452
1968 2278.819 1 0 0.1471
1969 2279.805 1 0 0.1449
1970 2280.792 1 0 0.1497
1971 2281.780 1 0 0.1536
1972 2282.769 1 0 0.1553
1973 2283.759 1 0 0.1585
1974 2284.749 1 0 0.1604
1975 2285.741 1 0 0.1587
1976 2286.733 1 0 0.1585
1977 2287.726 1 0 0.1605
1978 2288.720 1 2 0.2280
1979 2289.714 1 2 0.2332
1980 2290.710 1 0 0.1676
1981 2291.706 1 0 0.1715
1982 2292.703 1 0 0.1714
1983 2293.701 1 1 0.2331
1984 2294.700 1 0 0.1830
1985 2295.700 3 0 9.9999
1986 2296.701 1 0 0.1753
1987 2297.702 1 0 0.1784
1988 2298.704 1 0 0.1824
1989 2299.707 1 0 0.1816
1990 2300.711 1 0 0.2051
1991 2301.716 1 0 0.1899
1992 2302.722 1 0 0.1952
1993 2303.728 1 1 0.2596
1994 2304.735 1 0 0.2060
1995 2305.744 1 0 0.2019
1996 2306.753 1 0 0.2051
1997 2307.763 1 0 0.2069
1998 2308.773 1 0 0.2127
1999 2309.785 1 0 0.2173
2000 2310.797 1 0 0.2166
2001 2311.811 1 0 0.2215
2002 2312.825 1 0 0.2301
2003 2313.840 2 0 0.2349
2004 2314.856 2 0 0.2429
2005 2315.872 2 0 0.2505
2006 2316.890 2 2 0.3537
2007 2317.908 2 0 0.2844
2008 2318.928 2 0 0.3958
2009 2319.948 2 0 0.6967
2010 2320.969 2 0 9.9999
2011 2321.991 3 0 9.9999
2012 2323.014 4 0 9.9999
2013 2324.037 4 0 9.9999
2014 2325.062 4 0 9.9999
2015 2299.798 4 0 9.9999
2016 2300.703 4 0 9.9999
2017 2301.608 4 0 9.9999
2018 2302.514 3 2 1.2509
2019 2303.421 2 2 0.4003
2020 2304.329 2 0 0.1977
2021 2305.237 2 0 0.1571
2022 2306.146 2 1 0.2151
2023 2307.056 2 2 0.2842
2024 2307.966 2 0 0.1477
2025 2308.877 2 0 0.1458
2026 2309.789 1 0 0.1425
2027 2310.702 1 0 0.1441
2028 2311.616 1 0 0.1471
2029 2312.530 1 0 0.1416
2030 2313.445 1 0 0.1432
2031 2314.361 1 0 0.1420
2032 2315.277 1 0 0.1402
2033 2316.194 1 0 0.1415
2034 2317.112 1 0 0.1417
2035 2318.031 1 0 0.1411
2036 2318.950 1 0 0.1408
2037 2319.871 1 0 0.1401
2038 2320.792 1 0 0.1385
2039 2321.713 1 0 0.1404
2040 2322.636 1 0 0.1403
2041 2323.559 1 0 0.1371
2042 2324.483 1 0 0.1410
2043 2325.408 1 0 0.1423
2044 2326.333 1 0 0.1366
2045 2327.259 1 0 0.1371
2046 2328.186 1 0 0.1373
2047 2329.114 1 0 0.1368
2048 2330.043 1 0 0.1375
2049 2330.972 1 0 0.1376
2050 2331.902 1 0 0.1363
2051 2332.833 1 0 0.1362
2052 2333.765 1 0 0.1365
2053 2334.697 1 0 0.1389
2054 2335.630 1 0 0.1414
2055 2336.564 1 1 0.1751
2056 2337.499 1 0 0.1333
2057 2338.434 1 0 0.1307
2058 2339.370 1 0 0.1302
2059 2340.307 1 0 0.1317
2060 2341.245 1 0 0.1314
2061 2342.183 1 0 0.1338
2062 2343.123 1 2 0.1835
2063 2344.063 1 0 0.1275
2064 2345.003 1 0 0.1353
2065 2345.945 1 0 0.1277
2066 2346.887 1 0 0.1280
2067 2347.831 1 0 0.1271
2068 2348.774 1 0 0.1254
2069 2349.719 1 0 0.1333
2070 2350.665 1 0 0.1306
2071 2351.611 1 0 0.1352
2072 2352.558 1 2 0.1797
2073 2353.506 1 0 0.1254
2074 2354.454 1 0 0.1273
2075 2355.404 1 0 0.1286
2076 2356.354 1 0 0.1280
2077 2357.305 1 0 0.1280
2078 2358.257 1 0 0.1310
2079 2359.209 1 0 0.1296
2080 2360.162 1 0 0.1294
2081 2361.116 1 0 0.1335
2082 2362.071 1 0 0.1326
2083 2363.027 1 0 0.1308
2084 2363.983 1 0 0.1348
2085 2364.941 1 1 0.1751
2086 2365.899 1 1 0.1722
2087 2366.858 1 0 0.1276
2088 2367.817 1 2 0.1849
2089 2368.778 1 0 0.1350
2090 2369.739 1 0 0.1308
2091 2370.701 1 1 0.1731
2092 2371.664 1 0 0.1290
2093 2372.627 1 0 0.1286
2094 2373.592 1 0 0.1308
2095 2374.557 1 0 0.1298
2096 2375.523 1 0 0.1312
2097 2376.490 1 0 0.1278
2098 2377.457 1 0 0.1295
2099 2378.426 1 1 0.1735
2100 2379.395 1 1 0.1781
2101 2380.365 1 0 0.1387
2102 2381.336 1 2 0.1913
2103 2382.307 1 0 0.1307
2104 2383.280 1 0 0.1315
2105 2384.253 1 0 0.1326
2106 2385.227 1 0 0.1359
2107 2386.202 1 1 0.1763
2108 2387.177 1 1 0.1785
2109 2388.154 1 0 0.1339
2110 2389.131 1 0 0.1387
2111 2390.109 1 0 0.1373
2112 2391.088 1 0 0.1388
2113 2392.068 1 0 0.1382
2114 2393.048 1 0 0.1415
2115 2394.030 1 0 0.1369
2116 2395.012 1 0 0.1406
2117 2395.995 1 0 0.1447
2118 2396.979 1 0 0.1452
2119 2397.963 1 0 0.1459
2120 2398.949 1 0 0.1474
2121 2399.935 1 0 0.1435
2122 2400.922 1 0 0.1456
2123 2401.910 1 2 0.2096
2124 2402.899 1 0 0.1440
2125 2403.888 1 0 0.1445
2126 2404.879 1 0 0.1450
2127 2405.870 1 0 0.1451
2128 2406.862 1 0 0.1443
2129 2407.855 1 1 0.1930
2130 2408.849 1 0 0.1474
2131 2409.843 1 1 0.1920
2132 2410.839 1 0 0.1493
2133 2411.835 1 0 0.1480
2134 2412.832 1 0 0.1498
2135 2413.830 1 0 0.1484
2136 2414.828 1 0 0.1506
2137 2415.828 1 0 0.1533
2138 2416.828 1 0 0.1519
2139 2417.830 1 1 0.2089
2140 2418.832 1 0 0.1611
2141 2419.835 1 0 0.1595
2142 2420.838 1 2 0.2315
2143 2421.843 1 1 0.2119
2144 2422.848 1 0 0.1647
2145 2446.194 1 0 0.1704
2146 2447.219 1 0 0.1703
2147 2448.244 1 0 0.1770
2148 2449.270 1 0 0.1698
2149 2450.297 1 0 0.1765
2150 2451.325 1 0 0.1761
2151 2452.354 3 0 9.9999
2152 2453.383 1 0 0.1785
2153 2454.414 1 0 1.2477
2154 2455.445 1 2 0.2617
2155 2456.477 1 0 0.1810
2156 2457.510 1 0 0.1931
2157 2458.544 1 0 0.1825
2158 2459.578 1 0 0.1862
2159 2460.614 1 0 0.1782
2160 2461.650 1 0 0.2066
2161 2462.687 1 1 0.2528
2162 2463.725 1 0 0.1816
2163 2464.764 1 0 0.1820
2164 2465.804 1 0 0.1837
2165 2466.844 1 0 0.1938
2166 2467.886 1 0 0.1853
2167 2468.928 1 0 0.1924
2168 2469.971 1 1 0.2480
2169 2471.015 1 0 0.1874
2170 2472.060 1 0 0.1858
2171 2473.106 1 1 0.2617
2172 2474.153 1 2 0.2615
2173 2475.200 1 0 0.1879
2174 2476.249 1 0 0.1954
2175 2477.298 1 0 0.1925
2176 2478.348 1 0 0.1999
2177 2479.399 1 0 0.1983
2178 2480.451 1 0 0.1965
2179 2481.503 1 0 0.2012
2180 2482.557 1 0 0.2005
2181 2483.611 1 2 0.2738
2182 2484.667 1 0 0.2034
2183 2485.723 1 0 0.2085
2184 2486.780 1 2 0.2908
2185 2487.838 1 0 0.2131
2186 2488.897 1 2 0.2884
2187 2489.956 1 0 0.2159
2188 2491.017 1 0 0.2143
2189 2492.078 1 0 0.2173
2190 2493.141 1 1 0.2971
2191 2494.204 1 0 0.2177
2192 2495.268 1 0 0.2313
2193 2496.333 1 0 0.2260
2194 2497.399 1 0 0.2259
2195 2498.465 1 0 0.2374
2196 2499.533 1 0 0.2313
2197 2500.601 1 0 0.2327
2198 2501.671 1 0 0.2338
2199 2502.741 1 0 0.2396
2200 2503.812 1 0 0.2470
2201 2504.884 1 0 0.2501
2202 2505.957 1 0 0.2602
2203 2507.031 1 1 0.3394
2204 2508.106 1 0 0.2521
2205 2509.182 1 0 0.2569
2206 2510.258 1 0 0.2525
2207 2511.335 1 0 0.2667
2208 2512.414 1 0 0.2713
2209 2513.493 1 0 0.2845
2210 2514.573 1 0 0.2677
2211 2515.654 1 0 0.2715
2212 2516.736 1 0 0.2807
2213 2517.819 1 0 0.2802
2214 2518.903 1 0 0.2856
2215 2519.987 1 0 0.2859
2216 2521.073 1 1 0.3888
2217 2522.159 1 0 0.2977
2218 2523.247 1 0 0.2955
2219 2524.335 1 0 0.3028
2220 2525.424 1 0 0.3099
2221 2526.514 1 0 0.3075
2222 2527.605 1 0 0.3129
2223 2528.697 1 0 0.3206
2224 2529.790 1 0 0.3247
2225 2530.883 1 0 0.3318
2226 2531.978 1 0 0.3260
2227 2533.074 1 0 0.3434
2228 2534.170 1 0 0.3463
2229 2535.267 1 0 0.3465
2230 2536.366 1 0 0.3576
2231 2537.465 1 0 0.3518
2232 2538.565 1 2 0.4989
2233 2539.666 1 0 0.3743
2234 2540.768 1 0 0.3736
2235 2541.871 1 0 0.4008
2236 2542.975 1 0 0.3948
2237 2544.080 1 0 0.3948
2238 2545.185 2 1 0.5237
2239 2546.292 1 1 0.5562
2240 2547.399 1 0 0.4099
2241 2548.508 1 1 0.5615
2242 2549.617 1 1 0.5761
2243 2550.728 4 1 9.9999
2244 2551.839 1 0 0.4862
2245 2552.951 1 0 0.4352
2246 2554.064 1 0 0.4331
2247 2555.178 1 0 0.4777
2248 2556.293 1 0 0.4572
2249 2557.409 1 0 0.4612
2250 2558.526 1 0 0.4622
2251 2559.644 1 0 0.4686
2252 2560.763 1 0 0.4908
2253 2561.882 1 0 0.5068
2254 2563.003 2 0 0.6686
2255 2564.125 2 0 1.0962
2256 2565.247 3 0 9.9999
2257 2566.371 3 2 9.9999
2258 2567.495 4 0 9.9999
2259 2568.620 4 1 9.9999
2260 2569.747 4 0 9.9999
2261 2541.899 4 0 9.9999
2262 2542.904 4 0 9.9999
2263 2543.909 3 2 9.9999
2264 2544.916 2 0 9.9999
2265 2545.923 2 2 1.1734
2266 2546.931 2 0 0.5478
2267 2547.939 2 0 0.3859
2268 2548.949 2 0 0.3400
2269 2549.959 2 0 0.3460
2270 2550.971 2 0 0.3291
2271 2551.983 2 0 0.3206
2272 2552.995 2 0 0.3333
2273 2554.009 1 0 0.3328
2274 2555.024 1 0 0.3331
2275 2556.039 1 0 0.3240
2276 2557.055 1 0 0.3290
2277 2558.072 1 0 0.3328
2278 2559.090 1 0 0.3331
2279 2560.109 1 1 0.4285
2280 2561.128 1 0 0.3355
2281 2562.149 1 0 0.3168
2282 2563.170 1 0 0.3132
2283 2564.192 1 2 0.4543
2284 2565.215 1 0 0.3087
2285 2566.238 1 0 0.3195
2286 2567.263 1 0 0.3114
2287 2568.288 1 0 0.3121
2288 2569.315 1 0 0.4414
2289 2570.342 1 0 0.3129
2290 2571.370 1 0 0.3130
2291 2572.398 1 0 0.3097
2292 2573.428 1 0 0.3117
2293 2574.458 1 0 0.3103
2294 2575.490 1 0 0.3134
2295 2576.522 1 0 0.3163
2296 2577.555 1 0 0.3173
2297 2578.589 1 0 0.3077
2298 2579.624 1 0 0.3053
2299 2580.659 1 0 0.3008
2300 2581.696 1 0 0.3085
2301 2582.733 1 0 0.3200
2302 2583.771 1 0 0.3174
2303 2584.810 1 2 0.4073
2304 2585.850 1 0 0.3024
2305 2586.891 1 0 0.3127
2306 2587.932 1 0 0.3104
2307 2588.975 1 2 0.4171
2308 2590.018 1 2 0.4199
2309 2591.062 1 0 0.3053
2310 2592.107 1 0 0.3078
2311 2593.153 1 0 0.3090
2312 2594.200 1 0 0.2943
2313 2595.247 1 0 0.3033
2314 2596.296 1 0 0.3058
2315 2597.345 1 0 0.3050
2316 2598.395 1 1 0.4163
2317 2599.446 1 0 0.3014
2318 2600.498 1 0 0.3021
2319 2601.551 1 0 0.3053
2320 2602.605 1 0 0.3009
2321 2603.659 1 0 0.3003
2322 2604.715 1 0 0.3020
2323 2605.771 1 0 0.3057
2324 2606.828 1 0 0.3113
2325 2607.886 1 0 0.3421
2326 2608.945 1 0 0.3063
2327 2610.005 1 1 0.3880
2328 2611.066 1 0 0.3124
2329 2612.127 1 0 0.3056
2330 2613.190 1 0 0.3055
2331 2614.253 1 0 0.3026
2332 2615.317 1 0 0.3051
2333 2616.383 1 0 0.3031
2334 2617.449 1 0 0.3058
2335 2618.515 1 0 0.3042
2336 2619.583 1 0 0.3083
2337 2620.652 1 0 0.2990
2338 2621.721 1 0 0.3075
2339 2622.792 1 0 0.3083
2340 2623.863 1 0 0.3064
2341 2624.935 1 0 0.3024
2342 2626.009 1 0 0.3091
2343 2627.083 1 0 0.3062
2344 2628.157 1 0 0.3185
2345 2629.233 1 0 0.3123
2346 2630.310 1 0 0.3086
2347 2631.388 1 1 0.3851
2348 2632.466 1 0 0.3030
2349 2633.545 1 0 0.2993
2350 2634.626 1 0 0.3190
2351 2635.707 1 0 0.3092
2352 2636.789 1 0 0.3092
2353 2637.872 1 0 0.3256
2354 2638.956 1 1 0.4281
2355 2640.041 1 0 0.3177
2356 2641.126 1 1 0.4162
2357 2642.213 1 0 1.4426
2358 2643.301 1 0 0.3192
2359 2644.389 3 2 9.9999
2360 2645.478 1 0 0.3282
2361 2646.569 1 1 0.4307
2362 2647.660 1 2 0.4722
2363 2648.752 1 0 0.3372
2364 2649.845 1 2 0.4854
2365 2650.939 1 0 0.3481
2366 2652.034 1 1 0.4448
2367 2653.129 1 0 0.3731
2368 2654.226 1 2 0.5169
2369 2655.324 1 2 0.4918
2370 2656.422 1 0 0.3486
2371 2657.522 1 0 0.3660
2372 2658.622 1 0 0.3652
2373 2659.723 1 0 0.3681
2374 2660.825 1 0 0.3665
2375 2661.929 1 1 1.0717
2376 2663.033 1 0 0.3742
2377 2664.138 1 0 0.3764
2378 2665.244 1 2 0.5199
