% Subset of file: L1B.cal_prop.2002.10.22.v9.5.0.anc
%
% 1. Channel ID {AIRS PGE ID}
% 2. Frequency {wavenumbers}
% 3. Spectral Quality code:
%       1 = good
%       2 = OK but some problems
%       3 = poor
%       4 = useless
% 4. AB weight code:
%       0 = A and B equally weighted
%       1 = A-side only
%       2 = B-side only
% 5. NEdT250 {Kelvin}
%
%--- -------- - - ------
   1  649.620 1 0 0.6233
   2  649.858 1 0 0.6693
   3  650.097 1 0 0.6683
   4  650.335 1 0 0.6247
   5  650.574 1 0 0.5899
   6  650.814 1 0 0.6332
   7  651.053 1 0 0.6667
   8  651.293 1 0 0.6789
   9  651.532 1 0 0.6471
  10  651.772 1 0 0.6263
  11  652.012 1 0 0.6588
  12  652.253 2 0 0.6219
  13  652.493 2 0 0.5965
  14  652.734 1 0 0.6060
  15  652.975 1 0 0.6181
  16  653.216 1 0 0.6556
  17  653.457 1 0 0.6113
  18  653.699 1 0 0.6023
  19  653.940 1 0 0.5919
  20  654.182 1 0 0.5687
  21  654.424 1 0 0.6119
  22  654.666 1 0 0.5966
  23  654.909 1 0 0.6101
  24  655.151 1 0 0.5694
  25  655.394 1 0 0.5469
  26  655.637 1 0 0.6040
  27  655.880 1 0 0.5674
  28  656.124 1 0 0.5528
  29  656.367 1 0 0.5413
  30  656.611 1 0 0.5328
  31  656.855 1 0 0.5626
  32  657.099 1 0 0.5201
  33  657.343 1 0 0.5043
  34  657.588 1 0 0.5120
  35  657.833 1 0 0.5257
  36  658.078 1 0 0.5083
  37  658.323 1 0 0.4974
  38  658.568 1 0 0.5205
  39  658.813 1 0 0.4882
  40  659.059 1 0 0.4944
  41  659.305 1 0 0.4899
  42  659.551 1 0 0.4685
  43  659.797 1 0 0.4815
  44  660.044 1 0 0.5025
  45  660.291 1 0 0.4680
  46  660.537 1 0 0.4576
  47  660.784 1 0 0.4846
  48  661.032 2 0 0.4371
  49  661.279 2 0 0.4370
  50  661.527 1 0 0.4978
  51  661.775 1 0 0.4693
  52  662.023 1 0 0.4667
  53  662.271 1 0 0.4552
  54  662.519 1 0 0.4696
  55  662.768 1 0 0.4568
  56  663.017 1 0 0.4525
  57  663.266 1 0 0.4367
  58  663.515 1 0 0.4589
  59  663.765 1 0 0.4452
  60  664.014 1 0 0.4630
  61  664.264 1 0 0.4474
  62  664.514 1 0 0.4369
  63  664.764 1 0 0.4401
  64  665.015 1 0 0.4269
  65  665.265 1 0 0.4287
  66  665.516 1 0 0.4169
  67  665.767 1 0 0.4290
  68  666.018 1 0 0.4411
  69  666.270 1 0 0.4313
  70  666.521 1 0 0.3876
  71  666.773 1 0 0.4184
  72  667.025 1 0 0.4133
  73  667.277 1 0 0.4189
  74  667.530 1 0 0.4120
  75  667.782 1 0 0.4133
  76  668.035 1 0 0.4044
  77  668.288 1 0 0.4034
  78  668.541 1 0 0.4055
  79  668.795 1 0 0.4191
  80  669.049 1 0 0.4123
  81  669.302 1 0 0.4087
  82  669.556 1 0 0.3876
  83  669.811 1 0 0.3991
  84  670.065 1 0 0.4847
  85  670.320 1 0 0.4256
  86  670.575 1 0 0.4152
  87  670.830 1 0 0.3834
  88  671.085 1 0 0.4164
  89  671.340 1 0 0.3880
  90  671.596 1 0 0.3948
  91  671.852 1 0 0.4140
  92  672.108 1 0 0.4072
  93  672.364 1 0 0.4095
  94  672.621 1 0 0.4377
  95  672.878 1 0 0.4260
  96  673.134 1 0 0.3812
  97  673.392 1 0 0.3853
  98  673.649 1 0 0.4084
  99  673.906 1 0 0.3999
 100  674.164 1 0 0.4085
 101  674.422 1 0 0.4183
 102  674.680 1 0 0.4324
 103  674.939 1 0 0.4099
 104  675.197 1 0 0.4218
 105  675.456 1 0 0.4454
 106  675.715 1 0 0.3976
 107  675.974 1 0 0.4428
 108  676.233 1 0 0.4159
 109  676.493 1 0 0.4080
 110  676.753 1 0 0.4354
 111  677.013 1 0 0.4360
 112  677.273 1 0 0.4007
 113  677.533 1 0 0.3905
 114  677.794 1 0 0.4292
 115  678.055 1 0 0.4094
 116  678.316 1 0 0.4230
 117  678.577 1 0 0.4401
 118  678.839 1 0 0.3988
 119  679.100 1 0 0.4209
 120  679.362 1 0 0.4451
 121  679.625 2 0 0.3149
 122  679.887 2 0 0.3161
 123  680.149 1 0 0.3949
 124  680.412 1 0 0.4219
 125  680.675 1 0 0.4107
 126  680.938 1 0 0.4088
 127  681.202 1 0 0.4198
 128  681.465 1 0 0.4280
 129  681.729 1 0 0.4191
 130  681.993 1 0 0.3796
 131  687.601 1 0 0.3435
 132  687.871 2 0 0.2080
 133  688.140 2 0 0.2065
 134  688.410 2 0 0.2071
 135  688.680 1 0 0.3417
 136  688.950 1 0 0.3302
 137  689.220 1 0 0.3372
 138  689.491 1 0 0.3397
 139  689.762 1 0 0.3432
 140  690.033 1 0 0.3415
 141  690.304 1 0 0.3515
 142  690.575 1 0 0.3343
 143  690.847 1 0 0.3143
 144  691.119 1 0 0.3100
 145  691.391 1 0 0.3530
 146  691.664 1 0 0.3292
 147  691.936 1 0 0.3480
 148  692.209 1 0 0.3301
 149  692.482 1 0 0.3336
 150  692.755 1 0 0.3562
 151  693.029 1 0 0.3587
 152  693.302 1 0 0.3265
 153  693.576 1 0 0.3354
 154  693.850 1 0 0.3236
 155  694.125 1 0 0.3190
 156  694.399 1 0 0.3087
 157  694.674 1 0 0.3223
 158  694.949 1 0 0.3139
 159  695.225 1 0 0.2998
 160  695.500 1 0 0.3162
 161  695.776 1 0 0.2958
 162  696.052 1 0 0.3217
 163  696.328 1 0 0.3187
 164  696.604 1 0 0.3156
 165  696.881 1 0 0.3092
 166  697.158 1 0 0.2947
 167  697.435 1 0 0.2957
 168  697.712 1 0 0.3108
 169  697.990 1 0 0.2754
 170  698.267 1 0 0.2772
 171  698.545 1 0 0.2890
 172  698.823 1 0 0.2751
 173  699.102 1 0 0.2712
 174  699.381 1 0 0.2902
 175  699.659 1 0 0.2840
 176  699.939 1 0 0.2827
 177  700.218 1 0 0.2836
 178  700.497 1 0 0.2714
 179  700.777 1 0 0.2774
 180  701.057 1 0 0.2741
 181  701.338 1 0 0.2725
 182  701.618 1 0 0.2841
 183  701.899 1 0 0.2736
 184  702.180 1 0 0.2706
 185  702.461 1 0 0.2849
 186  702.742 1 0 0.2858
 187  703.024 1 0 0.2770
 188  703.306 1 0 0.2820
 189  703.588 1 0 0.2715
 190  703.870 1 0 0.2754
 191  704.153 1 0 0.2657
 192  704.436 1 0 0.2790
 193  704.719 1 0 0.2650
 194  705.002 1 0 0.2753
 195  705.285 1 0 0.2605
 196  705.569 1 0 0.2524
 197  705.853 1 0 0.2512
 198  706.137 1 0 0.2487
 199  706.422 1 0 0.2593
 200  706.706 1 0 0.2705
 201  706.991 1 0 0.2535
 202  707.276 1 0 0.2585
 203  707.562 1 0 0.2710
 204  707.847 1 0 0.2591
 205  708.133 1 0 0.2558
 206  708.419 1 0 0.2461
 207  708.706 1 0 0.2856
 208  708.992 1 0 0.2991
 209  709.279 1 0 0.3094
 210  709.566 1 0 0.2920
 211  709.853 1 0 0.2501
 212  710.141 1 0 0.2421
 213  710.428 1 0 0.2531
 214  710.716 1 0 0.2446
 215  711.005 1 0 0.2523
 216  711.293 1 0 0.2600
 217  711.582 1 0 0.2667
 218  711.871 1 0 0.2456
 219  712.160 1 0 0.2534
 220  712.449 1 0 0.2499
 221  712.739 1 0 0.2548
 222  713.029 1 0 0.2395
 223  713.319 1 0 0.2360
 224  713.609 1 0 0.2391
 225  713.900 1 0 0.2434
 226  714.191 1 0 0.2315
 227  714.482 1 0 0.2342
 228  714.773 1 0 0.2426
 229  715.065 1 0 0.2438
 230  715.356 1 0 0.2448
 231  715.648 1 0 0.2389
 232  715.941 1 0 0.2549
 233  716.233 1 0 0.2335
 234  716.526 1 0 0.2425
 235  716.819 1 0 0.2440
 236  717.112 1 0 0.2394
 237  717.406 1 0 0.2371
 238  717.700 4 0 9.9999
 239  717.994 1 0 0.2350
 240  718.288 1 0 0.2497
 241  718.582 1 0 0.2241
 242  718.877 1 0 0.2475
 243  719.172 1 0 0.2385
 244  719.467 1 0 0.2567
 245  719.763 1 0 0.2449
 246  720.058 1 0 0.2397
 247  720.354 1 0 0.2500
 248  720.651 1 0 0.2507
 249  720.947 1 0 0.2362
 250  721.244 1 0 0.2442
 251  721.541 1 0 0.2523
 252  721.838 1 0 0.2504
 253  722.135 1 0 0.2374
 254  722.433 1 0 0.2417
 255  722.731 1 0 0.2407
 256  723.029 1 0 0.2394
 257  723.328 1 0 0.2372
 258  723.626 1 0 0.2424
 259  723.925 1 0 0.2573
 260  724.224 1 0 0.2428
 261  724.524 1 0 0.2386
 262  724.823 1 0 0.2394
 263  725.123 1 0 0.2654
 264  725.424 1 0 0.2575
 265  725.724 1 0 0.2408
 266  726.025 1 0 0.2728
 267  726.326 1 0 0.2594
 268  726.627 1 0 0.2545
 269  726.928 1 0 0.2724
 270  727.230 1 0 0.2855
 271  727.532 1 0 0.2941
 272  727.834 1 0 0.2727
 273  728.137 1 0 0.3001
 274  728.439 1 0 0.2593
 275  728.055 1 0 0.2374
 276  728.357 1 2 1.6033
 277  728.660 1 2 0.4483
 278  728.963 1 2 0.3514
 279  729.266 1 0 0.2374
 280  729.569 1 2 0.3640
 281  729.873 1 2 0.3552
 282  730.177 1 2 0.3651
 283  730.481 1 0 0.2512
 284  730.785 1 1 0.3416
 285  731.090 1 0 0.7154
 286  731.395 1 0 0.2463
 287  731.700 1 1 0.4091
 288  732.005 2 1 0.7872
 289  732.311 1 1 0.3449
 290  732.617 1 1 0.4445
 291  732.923 2 1 0.9013
 292  733.229 1 2 0.3593
 293  733.536 1 1 0.3426
 294  733.843 1 1 0.3299
 295  734.150 1 1 0.5372
 296  734.458 1 0 0.3314
 297  734.765 1 0 0.2384
 298  735.073 1 0 0.2534
 299  735.381 1 0 0.2342
 300  735.690 1 0 0.2339
 301  735.999 1 1 0.3422
 302  736.308 1 0 0.3229
 303  736.617 1 2 0.3828
 304  736.926 1 1 0.3483
 305  737.236 1 0 0.4294
 306  737.546 1 0 0.3069
 307  737.856 1 2 0.3456
 308  738.167 1 0 0.2872
 309  738.477 1 2 0.3615
 310  738.788 1 2 0.3897
 311  739.100 1 1 0.3355
 312  739.411 1 0 0.2677
 313  739.723 1 1 0.3439
 314  740.035 1 1 0.3365
 315  740.347 1 2 0.3548
 316  740.660 1 0 0.2579
 317  740.973 1 0 0.2615
 318  741.286 1 2 0.4423
 319  741.599 1 2 0.3777
 320  741.913 1 2 0.3686
 321  742.227 1 2 1.0275
 322  742.541 1 1 0.3281
 323  742.855 1 2 0.3393
 324  743.170 2 2 0.9579
 325  743.485 1 1 0.3261
 326  743.800 1 1 0.9280
 327  744.116 1 2 0.3621
 328  744.431 1 1 0.3710
 329  744.747 1 1 0.3668
 330  745.064 1 1 0.3840
 331  745.380 1 1 0.3340
 332  745.697 1 2 0.3561
 333  746.014 1 0 0.2518
 334  746.331 1 0 0.2297
 335  746.649 1 0 0.3763
 336  746.967 1 1 0.3248
 337  747.285 1 0 0.2475
 338  747.603 1 2 0.3796
 339  747.922 1 2 0.3640
 340  748.241 1 0 0.8067
 341  748.560 1 1 0.4060
 342  748.879 1 2 4.5826
 343  749.199 1 2 0.3784
 344  749.519 1 0 0.2606
 345  749.839 1 0 0.2667
 346  750.160 2 1 0.8385
 347  750.481 1 0 0.3807
 348  750.802 1 0 0.3118
 349  751.123 1 1 0.4058
 350  751.445 2 2 2.9899
 351  751.767 1 2 0.4036
 352  752.089 1 2 0.3235
 353  752.411 1 1 0.5255
 354  752.734 1 2 0.3378
 355  753.057 1 1 0.3288
 356  753.380 1 1 0.3905
 357  753.703 1 0 0.2234
 358  754.027 1 2 0.3860
 359  754.351 1 2 0.3196
 360  754.676 1 0 0.2725
 361  755.000 1 0 0.3887
 362  755.325 1 0 0.2684
 363  755.650 1 2 0.6959
 364  755.976 1 0 0.2392
 365  756.301 1 2 0.3794
 366  756.627 1 1 0.3059
 367  756.954 1 0 1.0014
 368  757.280 1 2 0.4372
 369  757.607 1 0 0.2198
 370  757.934 1 2 1.2589
 371  758.261 1 1 0.3090
 372  758.589 1 0 0.6317
 373  758.917 1 0 0.2239
 374  759.245 1 1 9.9999
 375  759.573 1 0 0.2471
 376  759.902 1 2 0.3242
 377  760.231 1 0 0.3808
 378  760.561 1 0 0.2355
 379  760.890 1 1 0.8810
 380  761.220 1 0 0.3139
 381  761.550 2 2 0.9489
 382  761.881 1 1 0.3264
 383  762.211 1 0 0.2296
 384  762.542 1 2 0.3663
 385  762.873 1 0 0.2376
 386  763.205 1 1 0.2984
 387  763.537 1 0 0.2083
 388  763.869 1 0 0.2440
 389  764.201 1 1 0.2936
 390  764.534 1 1 0.3116
 391  764.867 2 1 1.8640
 392  765.200 1 1 0.4194
 393  765.534 1 2 0.3399
 394  765.867 1 2 0.3209
 395  766.201 1 0 0.2425
 396  766.536 1 2 3.1739
 397  766.870 1 1 0.3098
 398  767.205 2 1 0.3368
 399  767.541 1 1 0.3109
 400  767.876 1 2 0.3415
 401  768.212 1 2 0.3773
 402  768.548 2 1 1.9784
 403  768.884 1 2 0.4244
 404  769.221 2 1 1.4538
 405  769.558 1 2 2.0948
 406  769.895 1 0 0.2390
 407  770.233 1 1 0.3237
 408  770.570 1 2 0.3848
 409  770.909 1 2 0.3729
 410  771.247 1 2 0.3575
 411  771.586 1 0 0.3970
 412  771.925 2 1 3.2765
 413  772.264 1 0 0.3338
 414  772.603 1 1 0.3334
 415  772.943 1 1 3.6544
 416  773.283 1 1 0.3384
 417  773.624 1 2 0.3799
 418  773.964 1 2 0.3420
 419  774.305 1 2 0.3769
 420  774.647 1 2 1.9824
 421  774.988 1 2 0.5909
 422  775.330 1 1 0.3503
 423  775.672 1 1 0.3102
 424  776.015 1 2 0.3893
 425  776.357 1 0 0.2793
 426  776.700 1 1 0.4216
 427  777.044 1 1 0.3970
 428  777.387 2 1 0.6443
 429  777.731 1 1 0.3965
 430  778.076 1 0 0.4008
 431  778.420 1 1 0.3763
 432  778.765 1 0 3.2845
 433  779.110 1 2 0.3637
 434  779.455 1 0 0.3317
 435  779.801 1 2 0.3632
 436  780.147 1 1 0.3762
 437  780.493 1 0 0.2633
 438  780.840 1 0 0.2257
 439  781.187 1 0 0.2507
 440  781.534 1 1 0.6799
 441  781.882 1 0 0.2488
 442  789.263 1 0 2.5083
 443  789.616 1 2 0.3882
 444  789.971 1 1 0.3950
 445  790.325 1 0 0.2484
 446  790.680 1 0 0.2982
 447  791.035 1 2 0.7460
 448  791.390 1 1 2.7871
 449  791.745 1 0 0.2573
 450  792.101 1 0 0.2884
 451  792.457 2 0 0.2878
 452  792.814 1 2 0.4221
 453  793.171 1 0 0.3076
 454  793.528 1 1 0.3922
 455  793.885 1 2 0.3917
 456  794.243 1 2 0.4019
 457  794.601 1 1 2.1048
 458  794.959 1 0 0.4570
 459  795.318 1 1 0.3592
 460  795.677 1 2 0.4400
 461  796.036 1 2 2.1251
 462  796.396 1 2 0.3992
 463  796.756 2 1 3.4178
 464  797.116 2 2 0.5914
 465  797.477 1 0 0.3719
 466  797.837 1 1 0.4296
 467  798.199 1 0 0.2760
 468  798.560 2 2 0.4388
 469  798.922 1 0 0.2473
 470  799.284 1 2 0.5544
 471  799.646 1 1 0.3641
 472  800.009 1 0 0.2669
 473  800.372 1 0 0.2745
 474  800.735 2 2 2.0159
 475  801.099 1 0 0.4438
 476  801.463 1 2 0.4082
 477  801.827 2 2 0.3845
 478  802.192 1 0 0.3055
 479  802.557 1 0 0.2491
 480  802.922 1 0 0.3522
 481  803.288 1 1 0.3621
 482  803.654 1 0 0.2867
 483  804.020 1 2 0.4314
 484  804.386 1 1 0.3656
 485  804.753 1 0 0.2669
 486  805.120 1 0 0.2499
 487  805.488 2 0 1.3501
 488  805.856 1 1 0.6208
 489  806.224 1 2 0.5133
 490  806.592 3 1 0.8506
 491  806.961 2 1 0.3426
 492  807.330 1 1 0.3669
 493  807.699 1 1 0.3655
 494  808.069 4 1 9.9999
 495  808.439 3 1 4.2726
 496  808.809 1 1 0.3385
 497  809.180 1 1 0.3407
 498  809.551 1 1 0.3772
 499  809.922 2 1 0.5088
 500  810.294 2 1 2.5291
 501  810.666 1 1 0.3228
 502  811.038 2 1 0.3644
 503  811.411 1 2 0.3972
 504  811.784 1 0 0.3650
 505  812.157 1 2 0.4057
 506  812.531 1 2 0.4477
 507  812.905 2 0 0.3999
 508  813.279 1 2 0.7291
 509  813.654 1 0 0.3295
 510  814.029 1 2 1.0871
 511  814.404 1 0 0.2975
 512  814.779 1 0 1.9810
 513  815.155 1 0 0.2819
 514  815.532 1 1 0.4218
 515  815.908 1 2 0.4848
 516  816.285 1 2 0.4295
 517  816.662 1 0 0.8141
 518  817.040 1 1 0.3270
 519  817.418 1 2 0.3903
 520  817.796 1 0 0.2706
 521  818.175 1 0 0.2471
 522  818.553 1 0 0.2747
 523  818.933 1 1 0.3298
 524  819.312 1 1 0.3707
 525  819.692 2 2 2.6484
 526  820.072 1 2 0.4176
 527  820.453 1 0 0.2579
 528  820.834 1 0 0.3239
 529  821.215 1 1 0.5684
 530  821.597 1 2 0.3990
 531  821.978 2 2 1.0492
 532  822.361 1 1 0.3289
 533  822.743 1 1 0.3721
 534  823.126 1 0 0.6089
 535  823.509 1 2 3.4378
 536  823.893 1 0 0.3718
 537  824.277 2 1 1.9527
 538  824.661 1 1 0.3352
 539  825.046 1 2 0.3951
 540  825.431 1 0 0.2671
 541  825.816 1 0 0.2533
 542  826.202 1 2 0.4102
 543  826.587 1 0 0.9728
 544  826.974 1 1 0.3641
 545  827.360 1 0 0.2569
 546  827.747 1 0 0.3844
 547  828.135 1 0 0.4348
 548  828.522 1 0 0.2697
 549  828.910 1 2 0.4100
 550  829.299 1 2 0.9245
 551  829.687 1 0 0.3853
 552  830.076 1 0 0.2730
 553  830.466 1 0 0.2797
 554  830.856 1 1 0.3763
 555  831.246 1 1 0.3669
 556  831.636 1 2 0.4142
 557  832.027 1 1 0.3583
 558  832.418 1 1 0.7097
 559  832.809 1 1 0.3598
 560  833.201 1 1 0.3585
 561  833.593 1 2 2.2247
 562  833.986 1 1 0.3483
 563  834.379 1 2 0.4697
 564  834.772 1 0 0.3174
 565  835.166 1 0 0.3220
 566  835.559 1 1 0.4779
 567  835.954 1 1 0.4116
 568  836.348 1 1 0.4878
 569  836.743 1 1 1.0838
 570  837.139 1 2 0.4176
 571  837.534 1 1 1.5374
 572  837.930 1 0 0.2854
 573  838.327 1 0 0.3124
 574  838.723 1 1 0.4062
 575  839.120 1 1 0.4420
 576  839.518 1 1 0.3938
 577  839.916 1 0 0.2996
 578  840.314 1 0 0.3077
 579  840.712 1 1 0.3950
 580  841.111 1 0 0.5903
 581  841.510 1 1 0.6708
 582  841.910 2 1 2.7495
 583  842.310 1 1 0.6306
 584  842.710 1 0 0.5520
 585  843.111 1 0 0.3212
 586  843.512 1 2 0.4843
 587  843.913 1 0 0.2949
 588  844.315 1 1 0.6591
 589  844.717 1 2 1.8177
 590  845.119 1 0 0.9330
 591  845.522 1 1 0.5310
 592  845.925 1 0 0.2915
 593  846.329 1 0 0.4090
 594  846.732 1 1 0.4234
 595  847.137 1 0 1.1191
 596  847.541 1 2 1.2381
 597  847.946 1 1 0.4349
 598  848.352 2 2 0.7588
 599  848.757 1 1 0.4416
 600  849.163 1 0 0.3606
 601  849.570 1 2 0.4973
 602  849.977 1 1 0.8214
 603  850.384 4 1 3.0658
 604  850.791 2 2 0.6730
 605  851.199 1 1 0.4239
 606  851.607 1 2 0.5348
 607  852.016 1 0 0.3377
 608  852.425 4 1 0.4967
 609  851.490 1 0 0.4257
 610  851.797 2 2 0.6311
 611  852.104 2 2 0.5855
 612  852.411 2 0 0.3932
 613  852.718 1 0 0.3877
 614  853.026 1 0 0.3709
 615  853.334 2 1 0.5615
 616  853.642 1 0 0.4051
 617  853.950 1 0 0.3621
 618  854.259 1 0 0.3869
 619  854.568 1 0 0.3331
 620  854.877 2 2 0.4738
 621  855.186 1 0 0.3226
 622  855.495 4 0 9.9999
 623  855.805 2 1 0.4811
 624  856.115 2 0 0.3117
 625  856.426 1 1 0.5138
 626  856.736 1 1 0.4750
 627  857.047 1 0 0.3151
 628  857.358 1 0 0.3056
 629  857.669 2 0 0.3191
 630  857.981 2 0 0.4224
 631  858.293 2 1 0.4871
 632  858.605 1 0 0.9888
 633  858.917 1 0 0.3112
 634  859.229 1 2 0.4245
 635  859.542 1 0 0.2941
 636  859.855 3 2 1.0474
 637  860.168 1 0 0.2934
 638  860.482 1 0 0.2993
 639  860.795 1 1 0.4246
 640  861.109 1 0 0.2791
 641  861.424 1 1 0.3978
 642  861.738 1 2 0.3672
 643  862.053 1 0 0.2928
 644  862.368 1 2 0.3628
 645  862.683 1 2 0.3669
 646  862.998 1 0 0.2294
 647  863.314 1 0 0.2343
 648  863.630 1 0 0.2245
 649  863.946 1 0 0.2208
 650  864.263 1 0 0.2227
 651  864.579 1 1 0.3412
 652  864.896 1 0 0.2182
 653  865.214 1 0 0.2096
 654  865.531 1 0 0.2247
 655  865.849 1 0 0.2072
 656  866.167 1 2 0.2968
 657  866.485 1 0 0.2141
 658  866.803 1 2 0.3028
 659  867.122 1 1 0.3314
 660  867.441 1 0 0.2450
 661  867.760 1 0 0.1958
 662  868.080 1 0 0.1931
 663  868.399 1 0 0.2081
 664  868.719 1 2 1.2068
 665  869.040 1 0 0.1915
 666  869.360 1 1 0.3031
 667  869.681 1 0 0.1944
 668  870.002 1 0 0.2029
 669  870.323 1 1 0.3071
 670  870.645 1 2 0.2835
 671  870.966 1 2 0.2758
 672  871.288 1 0 0.1927
 673  871.611 1 0 0.1959
 674  871.933 1 0 0.1836
 675  872.256 1 0 0.1806
 676  872.579 1 0 0.1860
 677  872.902 1 2 0.2828
 678  873.226 1 1 0.5189
 679  873.550 1 0 0.1791
 680  873.874 1 1 0.2824
 681  874.198 4 1 9.9999
 682  874.523 2 1 0.2865
 683  874.847 1 1 0.2656
 684  875.173 1 2 0.2436
 685  875.498 1 0 0.1773
 686  875.823 1 2 0.3168
 687  876.149 1 2 0.2385
 688  876.475 2 2 4.9521
 689  876.802 1 0 0.1605
 690  877.128 1 1 0.2578
 691  877.455 1 0 0.1600
 692  877.783 1 0 0.1564
 693  878.110 1 0 0.1551
 694  878.438 1 2 0.2260
 695  878.766 1 0 0.1763
 696  879.094 1 1 0.2424
 697  879.422 1 2 0.2238
 698  879.751 1 0 0.1608
 699  880.080 1 0 0.1546
 700  880.409 1 0 0.1518
 701  880.739 1 0 0.1602
 702  881.069 1 2 0.2202
 703  881.399 1 0 0.1581
 704  881.729 1 0 0.1498
 705  882.060 1 0 0.1573
 706  882.390 1 1 0.2723
 707  882.721 1 0 0.1618
 708  883.053 1 0 0.1583
 709  883.384 1 2 0.2139
 710  883.716 1 2 0.2381
 711  884.049 1 2 0.2119
 712  884.381 1 0 0.1452
 713  884.714 1 0 0.1558
 714  885.047 1 0 0.1430
 715  885.380 1 0 0.1598
 716  885.713 1 1 0.3268
 717  886.047 1 0 0.1977
 718  886.381 1 0 0.1376
 719  886.715 1 0 0.1597
 720  887.050 1 1 0.2282
 721  887.385 1 0 0.1410
 722  887.720 1 0 0.1347
 723  888.055 1 1 0.4822
 724  888.391 1 0 0.1386
 725  888.727 1 0 0.2111
 726  889.063 1 0 0.1342
 727  889.399 1 2 0.2018
 728  889.736 1 0 0.1365
 729  890.073 1 2 0.1919
 730  890.410 1 0 0.1369
 731  890.748 1 1 0.2134
 732  891.086 1 0 0.1377
 733  891.424 1 1 9.9999
 734  891.762 1 0 0.1411
 735  892.101 1 0 0.1365
 736  892.440 4 1 5.0615
 737  892.779 1 0 0.1462
 738  893.118 1 0 0.1391
 739  893.458 1 1 0.1995
 740  893.798 1 2 0.1966
 741  894.138 1 2 0.2067
 742  894.479 1 2 0.7062
 743  894.820 1 2 0.2068
 744  895.161 1 1 0.2145
 745  895.502 1 2 0.1936
 746  895.844 1 2 0.1901
 747  896.185 1 0 1.5535
 748  896.528 1 2 0.1900
 749  896.870 3 0 2.6735
 750  897.213 2 1 0.2521
 751  897.556 1 0 0.1300
 752  897.899 1 2 0.1817
 753  898.243 3 0 2.5569
 754  898.586 1 1 0.2107
 755  898.931 1 1 9.9999
 756  899.275 1 1 0.3380
 757  899.620 1 0 0.1255
 758  899.965 1 0 0.1261
 759  900.310 1 2 0.1785
 760  900.655 1 2 0.5651
 761  901.001 1 0 0.1731
 762  901.347 3 1 0.6228
 763  901.694 1 2 0.1664
 764  902.040 1 1 0.1839
 765  902.387 1 2 0.8192
 766  902.734 1 1 0.1761
 767  903.082 1 2 0.1574
 768  903.429 1 1 0.9219
 769  903.777 1 1 0.1698
 770  911.235 1 1 0.5194
 771  911.590 1 2 0.2169
 772  911.945 1 2 0.2340
 773  912.301 2 1 0.8053
 774  912.656 1 1 0.3063
 775  913.012 1 1 0.2218
 776  913.369 1 0 0.1373
 777  913.725 1 2 0.1906
 778  914.082 1 0 0.1511
 779  914.439 1 0 0.1263
 780  914.796 1 0 0.1299
 781  915.154 1 0 0.1306
 782  915.512 1 0 0.1690
 783  915.870 4 2 9.9999
 784  916.229 1 2 0.1783
 785  916.588 1 0 0.1144
 786  916.947 1 0 0.1116
 787  917.306 1 0 0.1086
 788  917.666 1 0 0.3053
 789  918.026 1 0 0.1181
 790  918.386 2 1 0.2213
 791  918.747 1 0 0.1186
 792  919.108 1 2 0.1566
 793  919.469 1 2 0.1688
 794  919.830 1 2 0.1478
 795  920.192 1 2 0.1666
 796  920.554 1 0 0.1008
 797  920.917 1 0 0.1001
 798  921.279 1 0 0.1495
 799  921.642 1 1 0.1581
 800  922.005 1 2 1.5240
 801  922.369 1 1 0.5758
 802  922.733 1 2 2.2636
 803  923.097 2 2 3.3949
 804  923.461 1 0 0.0977
 805  923.826 1 0 0.0984
 806  924.191 2 2 1.2124
 807  924.556 1 1 0.1650
 808  924.922 1 1 0.2107
 809  925.288 1 1 0.1622
 810  925.654 1 0 0.0973
 811  926.021 1 2 0.1415
 812  926.387 1 0 0.0998
 813  926.754 1 1 0.1519
 814  927.122 1 1 0.1453
 815  927.490 1 2 0.3943
 816  927.858 1 0 0.1765
 817  928.226 2 1 0.1473
 818  928.594 1 0 0.0926
 819  928.963 1 0 0.1021
 820  929.333 1 1 0.1936
 821  929.702 1 0 0.0897
 822  930.072 1 0 0.0936
 823  930.442 1 0 0.0953
 824  930.812 1 2 0.1434
 825  931.183 1 1 0.1448
 826  931.554 3 2 4.5152
 827  931.925 1 1 0.1559
 828  932.297 1 2 1.7647
 829  932.669 1 2 0.2319
 830  933.041 1 0 0.1108
 831  933.414 2 1 0.3375
 832  933.787 3 1 1.1575
 833  934.160 1 1 0.1425
 834  934.533 1 2 9.9999
 835  934.907 1 1 0.1385
 836  935.281 1 0 0.0945
 837  935.655 2 0 8.8919
 838  936.030 1 1 0.1362
 839  936.405 1 2 0.1229
 840  936.780 1 0 0.0927
 841  937.156 1 2 0.1929
 842  937.532 1 2 1.4152
 843  937.908 1 2 0.1278
 844  938.285 1 1 0.1452
 845  938.662 1 2 0.1210
 846  939.039 1 0 0.0952
 847  939.416 1 2 0.1351
 848  939.794 1 1 0.1357
 849  940.172 1 2 3.9976
 850  940.550 1 0 0.1085
 851  940.929 1 1 0.1344
 852  941.308 1 0 0.1071
 853  941.688 1 2 0.1248
 854  942.067 1 1 0.1365
 855  942.447 1 2 0.1246
 856  942.827 1 1 0.3492
 857  943.208 1 1 0.1644
 858  943.589 1 1 0.1349
 859  943.970 2 2 0.9926
 860  944.352 1 0 0.0889
 861  944.733 1 2 0.1201
 862  945.116 1 0 0.0882
 863  945.498 1 2 0.3513
 864  945.881 1 2 0.1681
 865  946.264 1 2 0.1770
 866  946.647 1 2 0.3220
 867  947.031 4 0 1.2696
 868  947.415 1 2 1.1912
 869  947.800 1 1 0.1373
 870  948.184 1 1 0.1390
 871  948.569 1 1 0.1479
 872  948.955 1 0 0.0978
 873  949.340 1 1 0.1325
 874  949.726 1 0 0.0934
 875  950.113 3 0 6.0809
 876  950.499 3 1 2.9874
 877  950.886 1 2 0.1270
 878  951.273 2 2 3.0296
 879  951.661 1 1 2.3706
 880  952.049 2 2 0.7203
 881  952.437 1 1 0.1385
 882  952.825 1 1 0.1353
 883  953.214 1 1 0.8967
 884  953.604 1 1 1.0101
 885  953.993 3 0 1.8623
 886  954.383 1 1 0.1386
 887  954.773 2 2 3.2767
 888  955.163 1 2 0.1178
 889  955.554 2 2 8.0833
 890  955.945 1 0 0.0899
 891  956.337 1 1 0.5181
 892  956.729 2 1 2.8443
 893  957.121 1 0 0.0845
 894  957.513 3 0 1.1717
 895  957.906 1 1 0.1339
 896  958.299 1 0 0.1235
 897  958.692 1 1 0.1366
 898  959.086 1 2 0.2951
 899  959.480 3 0 2.1315
 900  959.874 1 2 0.1297
 901  960.269 1 2 9.9999
 902  960.664 1 2 0.1215
 903  961.060 1 2 0.1165
 904  961.455 1 2 0.1154
 905  961.851 1 1 0.1429
 906  962.248 2 1 3.5824
 907  962.644 3 2 9.9999
 908  963.041 1 2 0.1225
 909  963.439 1 0 0.0973
 910  963.836 1 2 0.1163
 911  964.234 1 0 0.6036
 912  964.633 2 2 9.8823
 913  965.031 1 1 0.1522
 914  965.430 1 2 0.1264
 915  965.830 3 2 1.1040
 916  966.229 1 1 0.1309
 917  966.630 1 2 0.1119
 918  967.030 1 1 0.1433
 919  967.431 1 1 6.7487
 920  967.832 2 2 0.2878
 921  968.233 1 0 0.2554
 922  968.635 2 1 2.3435
 923  969.037 1 1 4.7591
 924  969.439 1 2 0.1100
 925  969.842 1 2 0.4070
 926  970.245 1 1 0.1270
 927  970.648 1 1 0.1271
 928  971.052 1 2 0.1224
 929  971.456 1 0 0.0843
 930  971.860 1 2 0.1966
 931  972.265 1 1 0.2827
 932  972.670 1 0 0.0833
 933  973.075 1 2 0.1218
 934  973.481 1 1 1.3446
 935  973.887 1 2 0.1153
 936  974.294 1 2 0.1097
 937  973.818 3 1 1.2342
 938  974.225 1 2 0.2792
 939  974.631 2 1 2.2315
 940  975.039 2 2 0.7670
 941  975.446 1 0 0.2054
 942  975.854 3 1 9.9999
 943  976.262 2 2 1.2776
 944  976.670 1 0 0.1125
 945  977.079 2 1 0.3607
 946  977.488 1 0 0.0998
 947  977.898 4 1 9.9999
 948  978.308 1 1 0.1298
 949  978.718 2 1 0.8297
 950  979.128 1 0 0.0886
 951  979.539 1 2 0.1144
 952  979.950 2 1 0.5055
 953  980.362 1 1 0.1287
 954  980.774 2 0 1.0594
 955  981.186 1 0 0.2325
 956  981.599 1 1 2.9851
 957  982.011 1 1 9.9999
 958  982.425 1 1 0.2172
 959  982.838 1 0 0.1282
 960  983.252 1 1 0.1388
 961  983.667 1 2 0.1225
 962  984.081 4 0 9.9999
 963  984.496 1 0 0.0792
 964  984.912 1 0 0.1184
 965  985.327 4 1 9.9999
 966  985.743 1 2 0.1649
 967  986.160 1 1 0.1279
 968  986.576 1 0 0.1020
 969  986.993 1 1 0.1361
 970  987.411 2 2 0.6750
 971  987.829 1 1 0.1497
 972  988.247 1 2 0.1079
 973  988.665 1 1 0.2061
 974  989.084 3 1 3.6768
 975  989.503 4 1 9.9999
 976  989.923 1 1 0.1501
 977  990.343 1 0 0.1540
 978  990.763 1 2 0.1062
 979  991.183 2 2 0.1084
 980  991.604 1 1 0.1580
 981  992.026 4 1 9.9999
 982  992.447 1 0 0.0769
 983  992.869 1 2 0.1218
 984  993.292 1 2 0.1096
 985  993.714 1 0 0.1215
 986  994.137 1 0 0.0807
 987  994.561 1 0 0.0765
 988  994.984 1 1 0.1290
 989  995.409 1 2 0.1088
 990  995.833 4 1 9.9999
 991  996.258 1 2 0.5396
 992  996.683 1 0 0.0886
 993  997.109 1 1 0.1879
 994  997.535 1 1 0.1335
 995  997.961 1 0 0.1362
 996  998.387 1 0 0.0826
 997  998.814 1 0 0.0978
 998  999.242 1 1 0.1325
 999  999.670 1 0 0.0897
1000 1000.098 1 1 0.1440
1001 1000.526 1 2 0.1156
1002 1000.955 1 0 0.0765
1003 1001.384 1 1 0.1400
1004 1001.813 1 0 0.0741
1005 1002.243 1 2 0.1051
1006 1002.674 1 0 0.0987
1007 1003.104 2 2 0.1488
1008 1003.535 1 2 0.1028
1009 1003.966 1 2 0.1017
1010 1004.398 1 0 0.1127
1011 1004.830 1 0 0.0872
1012 1005.263 1 0 0.1019
1013 1005.695 1 0 0.0848
1014 1006.129 1 2 0.1896
1015 1006.562 1 2 0.1076
1016 1006.996 1 2 0.2039
1017 1007.430 1 2 0.1027
1018 1007.865 1 0 0.0720
1019 1008.300 1 1 0.1222
1020 1008.735 1 0 0.0884
1021 1009.171 3 1 9.9999
1022 1009.607 1 2 0.1003
1023 1010.044 1 2 0.1370
1024 1010.480 1 0 0.0991
1025 1010.918 1 0 0.0811
1026 1011.355 1 0 0.0863
1027 1011.793 1 0 0.1151
1028 1012.231 1 0 0.1042
1029 1012.670 1 0 0.0725
1030 1013.109 1 1 0.1240
1031 1013.549 1 0 0.0781
1032 1013.988 1 0 0.1016
1033 1014.429 1 2 0.1021
1034 1014.869 1 1 0.1250
1035 1015.310 1 2 0.3337
1036 1015.751 1 0 0.0955
1037 1016.193 1 0 0.0964
1038 1016.635 1 2 0.1149
1039 1017.078 1 1 0.1253
1040 1017.520 1 0 0.0823
1041 1017.964 1 1 0.1602
1042 1018.407 1 0 0.1165
1043 1018.851 1 2 0.1074
1044 1019.296 1 1 0.1289
1045 1019.740 1 1 0.1276
1046 1020.185 1 0 0.0762
1047 1020.631 1 1 0.1267
1048 1021.077 1 2 0.1052
1049 1021.523 1 1 0.2087
1050 1021.969 1 0 0.1064
1051 1022.416 1 2 0.3197
1052 1022.864 1 2 0.1117
1053 1023.312 1 2 0.1164
1054 1023.760 1 2 0.1983
1055 1024.208 1 1 0.1542
1056 1024.657 1 0 0.1199
1057 1025.106 1 1 0.1422
1058 1025.556 1 2 0.1123
1059 1026.006 1 0 0.0926
1060 1026.457 1 2 0.1291
1061 1026.907 1 0 0.1015
1062 1027.359 1 2 0.1147
1063 1027.810 2 1 0.2904
1064 1028.262 1 2 0.1153
1065 1028.715 1 0 0.1076
1066 1029.167 1 1 9.9999
1067 1029.620 1 0 0.1245
1068 1030.074 2 2 0.1190
1069 1030.528 1 0 0.0924
1070 1030.982 1 0 0.0892
1071 1031.437 1 0 0.0850
1072 1031.892 1 0 0.1126
1073 1032.347 2 0 0.0886
1074 1032.803 1 0 0.0896
1075 1033.260 1 0 0.0891
1076 1033.716 2 1 0.1473
1077 1034.173 1 1 0.1463
1078 1034.631 1 0 0.0906
1079 1035.089 1 2 0.1286
1080 1035.547 1 0 0.1241
1081 1036.005 1 0 0.1230
1082 1036.465 1 0 0.1408
1083 1036.924 1 2 0.1261
1084 1037.384 1 0 0.0907
1085 1037.844 1 2 0.1431
1086 1038.305 1 0 0.0922
1087 1038.766 1 1 0.1747
1088 1039.227 1 2 0.1265
1089 1039.689 1 0 0.1601
1090 1040.151 1 0 0.1012
1091 1040.614 2 2 0.1265
1092 1041.077 1 0 0.1904
1093 1041.540 1 2 0.8871
1094 1042.004 2 0 0.0933
1095 1042.468 1 1 0.9824
1096 1042.933 1 0 0.2843
1097 1043.398 1 0 0.1028
1098 1043.863 1 0 0.0918
1099 1044.329 1 1 0.1609
1100 1044.795 1 0 0.0929
1101 1045.262 1 2 0.1715
1102 1045.729 2 1 0.1589
1103 1046.196 1 0 0.0975
1104 1056.075 1 2 0.1562
1105 1056.551 1 2 0.2318
1106 1057.027 1 0 0.1255
1107 1057.504 1 2 0.1621
1108 1057.981 1 0 0.1247
1109 1058.459 4 1 9.9999
1110 1058.936 1 2 0.1597
1111 1059.415 1 1 0.2251
1112 1059.893 1 0 0.1337
1113 1060.372 1 0 0.1203
1114 1060.852 1 2 0.1588
1115 1061.332 1 1 0.2134
1116 1061.812 1 0 0.2516
1117 1062.293 1 0 0.1175
1118 1062.774 1 0 0.1168
1119 1063.256 1 0 0.1223
1120 1063.738 1 2 0.3733
1121 1064.220 1 0 0.1189
1122 1064.703 1 2 0.1495
1123 1065.186 1 0 0.1115
1124 1065.670 1 0 0.1427
1125 1066.154 1 1 9.7456
1126 1066.639 1 2 0.1501
1127 1067.124 1 0 0.1168
1128 1067.609 2 2 0.1445
1129 1068.095 1 0 0.1073
1130 1068.581 1 0 0.1329
1131 1069.067 1 0 0.1107
1132 1069.554 1 0 0.1510
1133 1070.042 1 0 0.1085
1134 1070.530 1 2 0.1456
1135 1071.018 1 0 0.1173
1136 1071.507 1 0 0.1486
1137 1071.996 1 0 0.1129
1138 1072.485 1 2 0.1503
1139 1072.975 1 0 0.1182
1140 1073.466 1 0 0.1251
1141 1073.957 1 2 0.1650
1142 1074.448 1 0 0.1281
1143 1074.940 1 0 0.1176
1144 1075.432 1 2 0.1636
1145 1075.924 1 0 0.1206
1146 1076.417 1 2 0.1667
1147 1076.911 1 0 0.1176
1148 1077.404 2 0 1.8921
1149 1077.899 2 2 0.2476
1150 1078.393 1 0 0.1212
1151 1078.888 1 0 0.1233
1152 1079.384 1 0 0.1226
1153 1079.880 1 0 0.1927
1154 1080.376 1 1 0.2090
1155 1080.873 1 1 0.2127
1156 1081.370 1 1 0.2086
1157 1081.868 1 1 0.2179
1158 1082.366 1 1 0.2069
1159 1082.865 1 0 0.1204
1160 1083.364 1 2 0.1710
1161 1083.863 1 2 0.1722
1162 1084.363 1 0 0.1282
1163 1084.863 1 0 0.1247
1164 1085.364 1 0 0.1312
1165 1085.865 1 2 0.8953
1166 1086.367 1 1 0.2567
1167 1086.869 2 1 0.2205
1168 1087.371 1 1 0.2232
1169 1087.874 1 2 0.1742
1170 1088.378 1 0 0.1284
1171 1088.881 1 0 0.1273
1172 1089.386 1 0 0.1276
1173 1089.890 1 2 1.4348
1174 1090.395 1 0 0.1264
1175 1090.901 1 0 0.1251
1176 1091.407 1 2 0.1745
1177 1091.913 1 0 0.1871
1178 1092.420 1 0 0.1275
1179 1092.928 1 1 0.2177
1180 1093.435 1 0 0.1274
1181 1093.944 1 2 0.1873
1182 1094.452 1 0 0.1348
1183 1094.961 1 1 0.2185
1184 1095.471 1 2 0.1831
1185 1095.981 1 2 0.3017
1186 1096.491 1 2 0.1882
1187 1097.002 1 0 0.1320
1188 1097.514 1 0 0.1327
1189 1098.025 1 0 0.1791
1190 1098.538 1 1 0.2575
1191 1099.050 1 2 0.1970
1192 1099.563 1 1 0.2796
1193 1100.077 3 0 1.3461
1194 1100.591 1 0 0.1384
1195 1101.106 1 1 0.2362
1196 1101.621 1 2 0.2042
1197 1102.136 1 2 0.2266
1198 1102.652 2 2 0.7293
1199 1103.168 1 2 0.2040
1200 1103.685 1 0 0.1871
1201 1104.202 1 0 0.1479
1202 1104.720 1 0 0.1469
1203 1105.238 3 0 2.1962
1204 1105.756 1 1 0.2503
1205 1106.276 1 2 0.2200
1206 1106.795 1 0 0.1546
1207 1107.315 1 1 0.2719
1208 1107.835 1 1 9.9999
1209 1108.356 1 1 0.2605
1210 1108.878 2 0 9.9999
1211 1109.399 1 2 0.2299
1212 1109.922 1 2 0.2401
1213 1110.444 1 0 0.1738
1214 1110.968 1 1 0.2639
1215 1111.491 1 2 0.2620
1216 1112.015 1 1 2.5959
1217 1112.540 1 1 0.2769
1218 1113.065 1 0 0.1615
1219 1113.590 1 0 0.1651
1220 1114.116 1 2 0.2451
1221 1114.643 1 0 0.1733
1222 1115.170 2 2 0.2358
1223 1115.697 1 2 0.2414
1224 1116.225 2 2 0.2454
1225 1116.753 2 1 0.2821
1226 1117.282 1 0 0.2102
1227 1117.811 1 2 0.2460
1228 1118.341 1 2 0.2674
1229 1118.871 1 2 0.2633
1230 1119.402 1 0 0.2713
1231 1119.933 1 1 0.3180
1232 1120.464 1 1 0.2984
1233 1120.996 1 1 0.3007
1234 1121.529 1 0 0.1855
1235 1122.062 1 1 0.3179
1236 1122.595 1 0 0.1928
1237 1123.129 1 2 0.2880
1238 1123.664 1 2 0.2734
1239 1124.199 1 0 0.7604
1240 1124.734 4 1 9.9999
1241 1125.270 1 2 0.2957
1242 1125.806 1 1 8.4086
1243 1126.343 1 1 0.3233
1244 1126.880 1 2 0.3941
1245 1127.418 1 2 0.3182
1246 1127.956 3 1 3.7114
1247 1128.495 1 0 0.2028
1248 1129.034 1 1 0.3313
1249 1129.574 1 2 0.3108
1250 1130.114 1 2 0.3067
1251 1130.655 1 0 0.2409
1252 1131.196 1 2 0.3080
1253 1131.738 1 0 0.2147
1254 1132.280 1 1 0.3662
1255 1132.822 1 2 0.5780
1256 1133.365 1 2 0.3293
1257 1133.909 1 0 0.2364
1258 1134.453 1 2 0.3261
1259 1134.997 1 0 0.2367
1260 1135.542 1 0 0.2494
1261 1136.088 1 0 0.2486
1262 1136.634 1 2 0.3627
1263 1216.974 1 0 0.0852
1264 1217.481 1 1 0.1353
1265 1217.988 1 0 0.0862
1266 1218.496 1 0 0.1056
1267 1219.004 1 0 0.0845
1268 1219.513 1 0 0.0901
1269 1220.022 1 0 0.0847
1270 1220.531 1 0 0.0833
1271 1221.041 1 0 0.0847
1272 1221.552 1 1 0.1647
1273 1222.063 1 1 0.1342
1274 1222.574 1 1 0.1345
1275 1223.085 1 0 0.0873
1276 1223.597 1 0 0.0870
1277 1224.110 1 2 0.0968
1278 1224.623 1 1 0.1342
1279 1225.136 1 2 0.0933
1280 1225.650 4 0 9.9999
1281 1226.164 2 0 0.0839
1282 1226.679 2 0 0.0813
1283 1227.194 2 2 0.2867
1284 1227.709 1 1 0.1287
1285 1228.225 1 0 0.0844
1286 1228.742 1 2 0.0911
1287 1229.258 2 1 0.1332
1288 1229.775 2 0 0.0808
1289 1230.293 2 0 0.0812
1290 1230.811 2 0 0.0784
1291 1231.330 2 0 0.0794
1292 1231.849 2 0 0.0800
1293 1232.368 2 0 0.0871
1294 1232.888 2 0 0.0822
1295 1233.408 2 0 0.0769
1296 1233.929 2 0 0.0768
1297 1234.450 2 1 0.1228
1298 1234.971 2 0 0.0816
1299 1235.493 2 0 0.0808
1300 1236.016 1 0 0.0820
1301 1236.538 1 0 0.0797
1302 1237.062 1 0 0.0808
1303 1237.585 1 0 0.0914
1304 1238.110 1 0 0.0789
1305 1238.634 1 0 0.0812
1306 1239.159 1 2 0.0881
1307 1239.685 1 0 0.0794
1308 1240.211 1 1 0.1506
1309 1240.737 1 0 0.0809
1310 1241.264 1 2 0.0904
1311 1241.791 1 2 0.0969
1312 1242.319 1 0 0.0923
1313 1242.847 1 2 0.1040
1314 1243.375 1 0 0.0873
1315 1243.904 1 0 0.0944
1316 1244.434 1 0 0.0821
1317 1244.964 1 0 0.0880
1318 1245.494 1 0 0.0856
1319 1246.025 1 0 0.0931
1320 1246.556 1 2 0.0950
1321 1247.088 1 0 0.0876
1322 1247.620 1 1 0.1315
1323 1248.152 1 0 0.0933
1324 1248.685 1 2 0.0938
1325 1249.219 1 2 0.1011
1326 1249.753 1 0 0.0843
1327 1250.287 1 2 0.0960
1328 1250.822 1 2 0.2513
1329 1251.357 1 0 0.0869
1330 1251.893 1 0 0.0870
1331 1252.429 1 0 0.0886
1332 1252.966 1 0 0.0877
1333 1253.503 1 0 0.0965
1334 1254.040 1 0 0.0862
1335 1254.578 1 0 0.0904
1336 1255.116 1 0 0.0890
1337 1255.655 1 2 0.1092
1338 1256.195 1 1 0.1373
1339 1256.734 1 1 0.1393
1340 1257.275 1 0 0.0868
1341 1257.815 1 0 0.0870
1342 1258.357 1 1 0.1395
1343 1258.898 1 0 0.0984
1344 1259.440 1 0 0.0923
1345 1259.983 1 0 0.0911
1346 1260.526 1 0 0.0875
1347 1261.069 1 0 0.0940
1348 1261.613 1 0 0.0884
1349 1262.157 1 0 0.0966
1350 1262.702 1 2 0.1020
1351 1263.247 3 2 9.9999
1352 1263.793 1 0 0.0930
1353 1264.339 1 2 0.1062
1354 1264.886 2 2 0.4985
1355 1265.433 2 1 9.9999
1356 1265.981 1 0 0.1061
1357 1266.529 1 0 0.0930
1358 1267.077 1 0 0.1056
1359 1267.626 1 0 0.1031
1360 1268.176 1 0 0.0942
1361 1268.726 1 0 0.0971
1362 1269.276 1 0 0.0977
1363 1269.827 1 0 0.1413
1364 1270.378 1 0 0.0988
1365 1270.930 1 0 0.0949
1366 1271.482 1 0 0.0980
1367 1272.035 1 0 0.0999
1368 1272.588 1 1 0.1743
1369 1284.348 1 0 0.1014
1370 1284.911 1 2 0.1046
1371 1285.475 1 0 0.1028
1372 1286.039 1 0 0.1071
1373 1286.604 1 0 0.1206
1374 1287.169 1 0 0.1035
1375 1287.735 1 0 0.1123
1376 1288.301 1 0 0.1051
1377 1288.868 1 0 0.1033
1378 1289.435 1 2 0.1092
1379 1290.003 1 2 0.1092
1380 1290.571 1 2 0.1118
1381 1291.139 1 2 0.1177
1382 1291.709 1 2 0.1105
1383 1292.278 1 0 0.1080
1384 1292.848 1 0 0.1223
1385 1293.419 1 0 0.1075
1386 1293.990 1 0 0.1112
1387 1294.561 1 2 0.1134
1388 1295.133 1 0 0.1102
1389 1295.706 1 0 0.1155
1390 1296.279 1 1 0.1825
1391 1296.853 1 0 0.1096
1392 1297.427 1 0 0.1151
1393 1298.001 1 0 0.1110
1394 1298.576 1 0 0.1124
1395 1299.151 1 0 0.1211
1396 1299.727 1 2 0.1258
1397 1300.304 1 2 0.8283
1398 1300.881 1 2 0.1595
1399 1301.458 3 2 9.9999
1400 1302.036 1 1 0.1785
1401 1302.615 1 0 0.1142
1402 1303.194 1 0 0.1147
1403 1303.773 1 0 0.1179
1404 1304.353 1 0 0.1162
1405 1304.934 1 2 0.1190
1406 1305.515 1 0 0.1159
1407 1306.096 1 0 0.1174
1408 1306.678 1 2 0.1263
1409 1307.260 1 0 0.1227
1410 1307.843 1 0 0.1181
1411 1308.427 1 0 0.1217
1412 1309.011 1 0 0.1214
1413 1309.595 1 0 0.1255
1414 1310.180 1 0 0.1242
1415 1310.766 1 0 0.1285
1416 1311.352 1 0 0.1305
1417 1311.938 1 0 0.1277
1418 1312.525 1 0 0.1247
1419 1313.113 1 1 0.2037
1420 1313.701 1 2 0.1458
1421 1314.289 1 0 0.1286
1422 1314.878 1 0 0.1295
1423 1315.468 1 0 0.1313
1424 1316.058 1 0 0.1314
1425 1316.648 1 1 0.2151
1426 1317.239 1 0 0.1383
1427 1317.831 1 0 0.1356
1428 1318.423 1 0 0.1346
1429 1319.016 1 0 0.1379
1430 1319.609 1 2 0.1412
1431 1320.202 1 1 0.2363
1432 1320.796 1 0 0.1388
1433 1321.391 1 0 0.1400
1434 1321.986 1 0 0.1407
1435 1322.582 1 0 0.1479
1436 1323.178 1 0 0.1473
1437 1323.775 1 0 0.1489
1438 1324.372 1 1 0.2690
1439 1324.970 1 0 0.1507
1440 1325.568 1 0 0.1494
1441 1326.167 1 0 0.1486
1442 1326.766 1 0 0.1520
1443 1327.366 1 0 0.1589
1444 1327.967 1 0 0.1547
1445 1328.567 1 0 0.1593
1446 1329.169 1 0 0.1603
1447 1329.771 1 0 0.1602
1448 1330.373 1 0 0.1610
1449 1330.976 1 0 0.1610
1450 1331.580 1 0 0.1626
1451 1332.184 1 0 0.1685
1452 1332.788 1 0 0.2228
1453 1333.393 1 0 0.1675
1454 1333.999 1 1 0.2816
1455 1334.605 1 0 0.1714
1456 1335.212 1 0 0.1768
1457 1335.819 1 0 0.1728
1458 1336.427 1 2 0.1904
1459 1337.035 1 2 0.1823
1460 1337.644 1 2 0.1768
1461 1338.253 1 1 0.2828
1462 1338.863 1 0 0.2039
1463 1338.161 1 0 0.0986
1464 1338.669 1 0 0.0978
1465 1339.178 1 2 0.1457
1466 1339.687 1 0 0.1017
1467 1340.196 1 1 0.1335
1468 1340.706 1 0 0.1006
1469 1341.216 1 1 0.1334
1470 1341.727 1 0 0.0953
1471 1342.238 1 0 0.0969
1472 1342.749 1 0 0.0946
1473 1343.261 1 0 0.0900
1474 1343.773 1 0 0.0904
1475 1344.286 1 2 0.1318
1476 1344.799 1 1 0.1312
1477 1345.312 1 2 0.1388
1478 1345.826 1 2 0.1214
1479 1346.340 1 1 0.1283
1480 1346.855 1 0 0.1067
1481 1347.370 1 2 0.1231
1482 1347.886 1 0 0.1378
1483 1348.402 2 0 0.0891
1484 1348.918 2 0 0.0862
1485 1349.435 2 2 0.1156
1486 1349.952 2 2 0.1140
1487 1350.469 2 1 0.2551
1488 1350.987 2 2 0.2411
1489 1351.506 2 1 0.1525
1490 1352.025 2 2 0.6723
1491 1352.544 2 1 0.1148
1492 1353.063 2 2 0.3670
1493 1353.584 2 0 0.0891
1494 1354.104 1 1 0.1212
1495 1354.625 1 0 0.1090
1496 1355.146 1 1 0.1390
1497 1355.668 1 0 0.0846
1498 1356.190 1 1 0.1184
1499 1356.713 1 0 0.0832
1500 1357.236 1 1 0.1199
1501 1357.759 1 1 0.1173
1502 1358.283 1 0 0.0820
1503 1358.807 1 0 0.0821
1504 1359.332 1 0 0.0812
1505 1359.857 1 0 0.0868
1506 1360.383 1 0 0.0802
1507 1360.909 2 1 0.4683
1508 1361.435 1 2 0.1543
1509 1361.962 1 2 0.1096
1510 1362.489 1 0 0.0912
1511 1363.017 1 0 0.0998
1512 1363.545 1 2 0.2853
1513 1364.073 1 1 0.1123
1514 1364.602 1 0 0.0796
1515 1365.131 1 2 0.6526
1516 1365.661 1 0 0.0788
1517 1366.191 1 2 0.1785
1518 1366.722 1 0 0.0778
1519 1367.253 1 2 0.1077
1520 1367.785 1 0 0.0845
1521 1368.317 1 0 0.0773
1522 1368.849 1 0 0.0762
1523 1369.382 1 0 0.0811
1524 1369.915 1 0 0.0752
1525 1370.449 1 0 0.0756
1526 1370.983 1 0 0.0748
1527 1371.517 1 0 0.0907
1528 1372.052 1 0 0.0736
1529 1372.588 1 0 0.0739
1530 1373.123 1 0 0.0770
1531 1373.660 1 0 0.0787
1532 1374.196 1 0 0.0748
1533 1374.733 1 1 0.1093
1534 1375.271 1 0 0.0777
1535 1375.809 1 0 0.0722
1536 1376.347 1 0 0.0735
1537 1376.886 1 0 0.0737
1538 1377.425 1 0 0.0732
1539 1377.965 1 1 0.1049
1540 1378.505 1 0 0.0752
1541 1379.046 1 2 0.0971
1542 1379.587 1 1 0.1048
1543 1380.128 1 2 0.0994
1544 1380.670 1 0 0.0726
1545 1381.213 1 2 0.1000
1546 1381.756 1 0 0.0788
1547 1382.299 1 0 0.0757
1548 1382.842 1 0 0.0734
1549 1383.387 1 0 0.0743
1550 1383.931 1 0 0.0744
1551 1384.476 1 0 0.0733
1552 1385.022 1 0 0.1336
1553 1385.568 1 0 0.0741
1554 1386.114 1 0 0.0766
1555 1386.661 1 0 0.0750
1556 1387.208 1 0 0.0727
1557 1387.756 1 1 0.1038
1558 1388.304 1 1 0.1038
1559 1388.852 1 0 0.0745
1560 1389.401 1 0 0.0742
1561 1389.951 1 0 0.0752
1562 1390.501 1 0 0.0802
1563 1391.051 1 0 0.0919
1564 1391.602 1 0 0.0804
1565 1392.153 1 2 0.0987
1566 1392.705 1 0 0.0726
1567 1393.257 1 0 0.0817
1568 1393.810 1 0 0.0791
1569 1394.363 1 0 0.0752
1570 1394.916 1 0 0.0736
1571 1395.470 1 2 0.0995
1572 1396.025 1 0 0.0727
1573 1396.579 1 0 0.0752
1574 1397.135 1 0 0.0762
1575 1397.691 1 0 0.0833
1576 1398.247 1 0 0.0880
1577 1398.803 1 0 0.0736
1578 1399.361 1 1 0.1033
1579 1399.918 1 0 0.0962
1580 1400.476 1 0 0.0741
1581 1401.035 1 0 0.0731
1582 1401.594 1 0 0.0742
1583 1402.153 1 0 0.0742
1584 1402.713 1 1 0.1053
1585 1403.273 1 0 0.0734
1586 1403.834 1 0 0.0784
1587 1404.396 1 0 0.0769
1588 1404.957 1 0 0.0946
1589 1405.519 1 0 0.1033
1590 1406.082 1 1 0.1050
1591 1406.645 1 0 0.0740
1592 1407.209 1 2 0.1024
1593 1407.773 1 1 0.1077
1594 1408.337 1 0 0.0775
1595 1408.902 1 1 0.1248
1596 1409.468 1 2 0.0981
1597 1410.034 1 1 0.1073
1598 1410.600 1 0 0.0765
1599 1411.167 1 0 0.0742
1600 1411.734 1 1 0.1086
1601 1412.302 1 2 0.0984
1602 1412.870 1 0 0.0753
1603 1413.439 1 0 0.2632
1604 1414.008 1 0 0.0747
1605 1414.578 1 0 0.0953
1606 1415.148 1 0 0.0763
1607 1415.718 1 2 0.1023
1608 1416.289 1 0 0.0787
1609 1416.861 1 1 0.1079
1610 1417.433 1 2 0.1014
1611 1418.005 1 2 0.1027
1612 1418.578 1 0 0.0775
1613 1419.151 1 2 0.1232
1614 1419.725 1 0 0.0798
1615 1420.300 1 0 0.0761
1616 1420.874 1 0 0.0767
1617 1421.450 1 0 0.2536
1618 1422.026 1 0 0.0771
1619 1422.602 1 0 0.0799
1620 1423.178 1 0 0.0783
1621 1423.756 1 0 0.0787
1622 1424.333 1 0 0.0793
1623 1424.911 1 0 0.0789
1624 1425.490 1 2 0.1072
1625 1426.069 1 0 0.0773
1626 1426.649 1 0 0.0822
1627 1427.229 1 0 0.0782
1628 1427.809 1 0 0.0801
1629 1428.390 1 0 0.0775
1630 1428.972 1 0 0.0784
1631 1429.554 1 0 0.0800
1632 1430.136 1 0 0.0911
1633 1430.719 1 0 0.0808
1634 1431.303 1 0 0.0785
1635 1431.887 1 0 0.0793
1636 1432.471 1 1 0.1577
1637 1433.056 1 0 0.0794
1638 1433.641 1 0 0.0868
1639 1434.227 1 0 0.0811
1640 1434.814 1 0 0.0808
1641 1435.400 1 1 0.1208
1642 1435.988 1 0 0.1170
1643 1436.576 1 2 0.1104
1644 1437.164 1 1 0.1402
1645 1437.753 1 0 0.0839
1646 1438.342 1 0 0.0867
1647 1438.932 1 0 0.0850
1648 1439.522 1 0 0.1157
1649 1440.113 1 1 0.1398
1650 1440.704 1 0 0.1283
1651 1441.296 1 0 0.0978
1652 1441.888 1 2 0.1193
1653 1442.481 1 0 0.0915
1654 1443.074 1 2 0.1281
1655 1460.265 1 2 0.1206
1656 1460.873 1 0 0.0866
1657 1461.482 1 1 0.1052
1658 1462.091 1 0 0.0847
1659 1462.701 1 0 0.0888
1660 1463.311 1 0 0.1002
1661 1463.922 1 0 0.0899
1662 1464.533 1 0 0.1118
1663 1465.145 1 0 0.0812
1664 1465.758 1 0 0.0867
1665 1466.371 1 1 0.0972
1666 1466.984 1 0 0.0783
1667 1467.598 1 0 0.0786
1668 1468.212 1 0 0.0760
1669 1468.827 1 1 0.0931
1670 1469.443 1 0 0.0903
1671 1470.059 1 1 0.0936
1672 1470.675 2 1 9.9999
1673 1471.292 1 0 0.0737
1674 1471.910 1 0 0.0746
1675 1472.528 1 0 0.0729
1676 1473.146 1 1 0.0902
1677 1473.765 1 0 0.0724
1678 1474.385 1 0 0.0732
1679 1475.005 1 2 0.1052
1680 1475.625 1 0 0.0742
1681 1476.247 1 0 0.0721
1682 1476.868 1 1 0.0906
1683 1477.490 1 2 0.1176
1684 1478.113 1 0 0.0942
1685 1478.736 1 0 0.0743
1686 1479.360 1 0 0.0947
1687 1479.984 1 0 0.0778
1688 1480.609 1 0 0.0734
1689 1481.234 1 0 0.0923
1690 1481.860 1 1 0.1435
1691 1482.486 3 2 9.9999
1692 1483.113 1 0 0.0739
1693 1483.741 1 2 0.1096
1694 1484.369 1 1 0.0922
1695 1484.997 1 0 0.0731
1696 1485.626 1 0 0.0759
1697 1486.255 1 0 0.0721
1698 1486.885 1 1 0.0891
1699 1487.516 1 2 0.1055
1700 1488.147 1 0 0.0739
1701 1488.779 1 0 0.0731
1702 1489.411 1 1 0.0929
1703 1490.044 1 0 0.0731
1704 1490.677 1 0 0.0742
1705 1491.311 1 0 0.0730
1706 1491.945 1 0 0.0764
1707 1492.580 1 0 0.0959
1708 1493.215 1 0 0.0733
1709 1493.851 1 0 0.0753
1710 1494.487 1 0 0.2043
1711 1495.124 1 0 0.0749
1712 1495.762 2 1 0.7703
1713 1496.400 2 2 9.9999
1714 1497.038 1 0 0.0743
1715 1497.677 1 0 0.0967
1716 1498.317 1 0 0.0755
1717 1498.957 1 0 0.0750
1718 1499.598 1 0 0.0746
1719 1500.239 1 0 0.1098
1720 1500.881 1 1 0.1023
1721 1501.523 1 1 0.0949
1722 1502.166 1 1 0.0968
1723 1502.810 1 2 0.1228
1724 1503.454 1 1 0.1190
1725 1504.098 2 1 0.1263
1726 1504.743 2 0 0.1390
1727 1505.389 2 1 0.1236
1728 1506.035 2 1 0.4908
1729 1506.682 2 1 0.8475
1730 1507.329 3 1 9.9999
1731 1507.977 3 1 3.0744
1732 1508.625 2 2 9.9999
1733 1509.274 2 1 0.4135
1734 1509.924 2 1 0.4858
1735 1510.574 3 1 9.9999
1736 1511.224 2 2 9.9999
1737 1511.875 1 1 0.1080
1738 1512.527 1 1 0.1224
1739 1513.179 1 0 0.1255
1740 1513.832 1 1 0.1091
1741 1514.485 2 1 0.1172
1742 1515.139 1 0 0.0889
1743 1515.793 1 0 0.0893
1744 1516.448 1 0 0.0906
1745 1517.104 1 2 0.1352
1746 1517.760 1 1 0.3970
1747 1518.417 1 0 0.1919
1748 1519.074 1 0 0.0935
1749 1519.732 1 0 0.0984
1750 1520.390 1 0 0.0951
1751 1521.049 1 0 0.0942
1752 1521.708 1 0 0.0976
1753 1522.368 1 0 0.0960
1754 1523.029 1 0 0.0978
1755 1523.690 1 0 0.1027
1756 1524.352 1 0 0.0980
1757 1525.014 1 1 0.1205
1758 1525.677 1 0 0.0975
1759 1526.340 3 0 9.9999
1760 1527.004 1 0 0.0964
1761 1541.096 1 0 0.1266
1762 1541.772 1 0 0.1213
1763 1542.449 1 0 0.1212
1764 1543.126 1 0 0.1214
1765 1543.803 1 0 0.2104
1766 1544.482 1 0 0.1281
1767 1545.160 1 0 0.1272
1768 1545.840 1 0 0.1241
1769 1546.520 1 2 0.1854
1770 1547.200 1 0 0.1288
1771 1547.881 1 0 0.1296
1772 1548.563 1 2 0.1823
1773 1549.245 1 0 0.1325
1774 1549.928 1 2 0.1842
1775 1550.612 1 0 0.1280
1776 1551.296 1 0 0.1259
1777 1551.980 1 0 0.1254
1778 1552.666 1 0 0.1266
1779 1553.351 1 0 0.1280
1780 1554.038 1 0 0.1278
1781 1554.725 4 0 9.9999
1782 1555.412 1 2 0.1917
1783 1556.100 1 0 0.1372
1784 1556.789 1 2 0.1881
1785 1557.478 1 1 0.1577
1786 1558.168 2 2 1.4967
1787 1558.859 2 1 0.1678
1788 1559.550 4 0 9.9999
1789 1560.242 1 2 0.2031
1790 1560.934 1 0 0.1400
1791 1561.627 1 2 9.9999
1792 1562.320 3 0 9.9999
1793 1563.014 1 2 0.2165
1794 1563.709 1 0 0.1467
1795 1564.404 1 0 0.1512
1796 1565.100 1 1 0.1773
1797 1565.797 1 0 0.1602
1798 1566.494 1 0 0.1498
1799 1567.192 1 1 0.4019
1800 1567.890 1 0 0.1520
1801 1568.589 1 0 0.1538
1802 1569.288 1 2 9.9999
1803 1569.988 1 0 0.2135
1804 1570.689 1 0 0.1606
1805 1571.390 1 2 0.2163
1806 1572.092 1 0 0.1574
1807 1572.795 1 1 0.2159
1808 1573.498 1 0 0.1679
1809 1574.201 1 0 0.1685
1810 1574.906 1 0 0.1636
1811 1575.611 1 0 0.1820
1812 1576.316 1 0 0.2571
1813 1577.022 1 0 0.1920
1814 1577.729 1 0 0.1801
1815 1578.437 1 0 0.1747
1816 1579.145 1 0 0.1783
1817 1579.853 1 0 0.1794
1818 1580.562 1 2 0.2658
1819 1581.272 1 0 0.1822
1820 1581.983 1 0 0.1859
1821 1582.694 1 0 0.1878
1822 1583.405 1 0 0.1889
1823 1584.118 1 0 0.1927
1824 1584.831 1 0 0.1886
1825 1585.544 1 0 0.2560
1826 1586.258 1 0 0.1962
1827 1586.973 1 0 0.1994
1828 1587.688 1 0 0.2075
1829 1588.404 1 1 0.2497
1830 1589.121 1 0 0.2039
1831 1589.838 1 0 0.2191
1832 1590.556 1 0 0.2494
1833 1591.275 1 2 0.3123
1834 1591.994 1 0 0.2205
1835 1592.714 1 0 0.2296
1836 1593.434 1 2 0.3164
1837 1594.155 1 0 0.2383
1838 1594.877 1 0 0.2297
1839 1595.599 1 0 0.2365
1840 1596.322 1 0 0.2445
1841 1597.045 1 0 0.2486
1842 1597.769 1 1 0.3698
1843 1598.494 1 0 0.2473
1844 1599.220 1 0 0.2838
1845 1599.946 1 0 0.2599
1846 1600.672 1 0 0.2634
1847 1601.400 1 1 0.3345
1848 1602.128 1 0 0.2740
1849 1602.856 1 0 0.2865
1850 1603.586 1 0 0.2913
1851 1604.315 1 0 0.2942
1852 1605.046 1 0 0.2953
1853 1605.777 1 2 0.4381
1854 1606.509 1 0 0.3096
1855 1607.241 1 0 0.3771
1856 1607.974 1 0 0.3177
1857 1608.708 1 2 0.4749
1858 1609.442 1 0 0.3387
1859 1610.177 1 0 0.3758
1860 1610.913 1 2 0.4784
1861 1611.649 1 0 0.3508
1862 1612.386 1 0 0.3462
1863 1613.124 1 0 0.3591
1864 1613.862 1 0 0.3630
1865 2181.494 1 1 0.1196
1866 2182.400 1 1 0.1195
1867 2183.306 1 0 0.0883
1868 2184.213 1 1 0.1192
1869 2185.121 1 1 0.1220
1870 2186.030 1 0 0.0899
1871 2186.939 1 0 0.0870
1872 2187.850 1 0 0.0876
1873 2188.761 1 0 0.0871
1874 2189.672 1 1 0.1178
1875 2190.585 1 0 0.0882
1876 2191.498 1 0 0.0874
1877 2192.412 1 0 0.0874
1878 2193.326 1 2 0.1253
1879 2194.242 1 0 0.0880
1880 2195.158 1 2 0.1251
1881 2196.075 1 0 0.0899
1882 2196.992 1 0 0.0912
1883 2197.911 1 0 0.0913
1884 2198.830 1 0 0.0921
1885 2199.750 1 0 0.0927
1886 2200.671 1 0 0.0925
1887 2201.592 1 0 0.0971
1888 2202.514 1 0 0.0946
1889 2203.437 1 0 0.0976
1890 2204.361 1 1 0.1293
1891 2205.285 1 0 0.0961
1892 2206.211 1 0 0.0966
1893 2207.137 1 0 0.0981
1894 2208.063 1 0 0.0966
1895 2208.991 1 0 0.0973
1896 2209.919 1 1 0.1319
1897 2210.848 1 1 0.1315
1898 2211.778 1 1 0.1316
1899 2212.709 1 1 0.1318
1900 2213.640 1 0 0.0976
1901 2214.572 1 0 0.0973
1902 2215.505 1 0 0.0967
1903 2216.439 1 1 0.1326
1904 2217.373 1 0 0.0985
1905 2218.308 1 0 0.0953
1906 2219.244 1 0 0.0988
1907 2220.181 1 0 0.0999
1908 2221.118 1 0 0.0993
1909 2222.057 1 0 0.0990
1910 2222.996 1 0 0.1012
1911 2223.936 1 0 0.0993
1912 2224.876 1 0 0.1012
1913 2225.818 1 0 0.1031
1914 2226.760 1 0 0.1018
1915 2227.703 1 0 0.1020
1916 2228.647 1 0 0.1033
1917 2229.591 1 0 0.1043
1918 2230.536 1 0 0.1056
1919 2231.483 1 1 0.1467
1920 2232.429 1 0 0.1037
1921 2233.377 1 1 0.1465
1922 2234.326 3 1 9.9999
1923 2235.275 1 0 0.1085
1924 2236.225 1 0 0.1146
1925 2237.176 1 0 0.1088
1926 2238.127 1 0 0.1098
1927 2239.080 1 1 0.1500
1928 2240.033 1 0 0.1122
1929 2240.987 1 0 0.1132
1930 2241.942 1 0 0.1141
1931 2242.897 1 0 0.1131
1932 2243.853 1 0 0.1134
1933 2244.811 1 0 0.1278
1934 2245.769 1 0 0.1177
1935 2246.727 1 0 0.1187
1936 2247.687 1 0 0.1191
1937 2248.647 1 0 0.1374
1938 2249.608 1 0 0.1203
1939 2250.570 1 0 0.1201
1940 2251.533 1 0 0.1216
1941 2252.497 1 0 0.1223
1942 2253.461 1 0 0.1232
1943 2254.426 1 0 0.1236
1944 2255.392 1 2 0.1719
1945 2256.359 1 0 0.1276
1946 2257.326 1 0 0.1253
1947 2258.295 1 0 0.1273
1948 2259.264 1 0 0.1294
1949 2260.234 1 2 0.1836
1950 2261.205 1 0 0.1303
1951 2262.176 1 0 0.1327
1952 2263.149 1 0 0.1318
1953 2264.122 1 0 0.1337
1954 2265.096 1 0 0.1359
1955 2266.071 1 2 0.1918
1956 2267.047 1 0 0.1393
1957 2268.023 1 0 0.1387
1958 2269.000 1 0 0.1391
1959 2269.979 1 0 0.1447
1960 2270.958 1 0 0.1439
1961 2271.937 1 0 0.1452
1962 2272.918 1 0 0.1470
1963 2273.899 1 2 0.2050
1964 2274.882 1 0 0.1475
1965 2275.865 1 2 0.2160
1966 2276.848 1 0 0.1559
1967 2277.833 1 0 0.1561
1968 2278.819 1 0 0.1575
1969 2279.805 1 0 0.1566
1970 2280.792 1 0 0.1611
1971 2281.780 1 0 0.1651
1972 2282.769 1 0 0.1674
1973 2283.759 1 0 0.1709
1974 2284.749 1 0 0.1729
1975 2285.741 1 0 0.1721
1976 2286.733 1 0 0.1712
1977 2287.726 1 0 0.1707
1978 2288.720 1 2 0.2428
1979 2289.714 1 2 0.2497
1980 2290.710 1 0 0.1792
1981 2291.706 1 0 0.1836
1982 2292.703 1 0 0.1821
1983 2293.701 1 1 0.2486
1984 2294.700 1 0 0.1962
1985 2295.700 3 0 9.9999
1986 2296.701 1 0 0.1874
1987 2297.702 1 0 0.1912
1988 2298.704 1 0 0.1961
1989 2299.707 1 0 0.1958
1990 2300.711 1 0 0.2291
1991 2301.716 1 0 0.2032
1992 2302.722 1 0 0.2084
1993 2303.728 1 1 0.2803
1994 2304.735 1 0 0.2201
1995 2305.744 1 0 0.2149
1996 2306.753 1 0 0.2194
1997 2307.763 1 0 0.2210
1998 2308.773 1 0 0.2269
1999 2309.785 1 0 0.2327
2000 2310.797 1 0 0.2306
2001 2311.811 1 0 0.2374
2002 2312.825 1 0 0.2455
2003 2313.840 2 0 0.2521
2004 2314.856 2 0 0.2599
2005 2315.872 2 0 0.2659
2006 2316.890 2 2 0.3735
2007 2317.908 2 0 0.3057
2008 2318.928 2 0 0.4243
2009 2319.948 2 0 0.7475
2010 2320.969 2 0 9.9999
2011 2321.991 3 0 9.9999
2012 2323.014 4 0 9.9999
2013 2324.037 4 0 9.9999
2014 2325.062 4 0 9.9999
2015 2299.798 4 0 9.9999
2016 2300.703 4 0 9.9999
2017 2301.608 4 0 9.9999
2018 2302.514 3 2 1.3295
2019 2303.421 2 2 0.4323
2020 2304.329 2 0 0.2103
2021 2305.237 2 0 0.1661
2022 2306.146 2 1 0.2249
2023 2307.056 2 2 0.3074
2024 2307.966 2 0 0.1547
2025 2308.877 2 0 0.1545
2026 2309.789 1 0 0.1513
2027 2310.702 1 0 0.1528
2028 2311.616 1 0 0.1551
2029 2312.530 1 0 0.1481
2030 2313.445 1 0 0.1507
2031 2314.361 1 0 0.1510
2032 2315.277 1 0 0.1476
2033 2316.194 1 0 0.1491
2034 2317.112 1 0 0.1498
2035 2318.031 1 0 0.1488
2036 2318.950 1 0 0.1489
2037 2319.871 1 0 0.1480
2038 2320.792 1 0 0.1463
2039 2321.713 1 0 0.1481
2040 2322.636 1 0 0.1484
2041 2323.559 1 0 0.1449
2042 2324.483 1 0 0.1495
2043 2325.408 1 0 0.1493
2044 2326.333 1 0 0.1431
2045 2327.259 1 0 0.1447
2046 2328.186 1 0 0.1441
2047 2329.114 1 0 0.1452
2048 2330.043 1 0 0.1455
2049 2330.972 1 0 0.1441
2050 2331.902 1 0 0.1429
2051 2332.833 1 0 0.1441
2052 2333.765 1 0 0.1425
2053 2334.697 1 0 0.1467
2054 2335.630 1 0 0.1489
2055 2336.564 1 1 0.1839
2056 2337.499 1 0 0.1409
2057 2338.434 1 0 0.1376
2058 2339.370 1 0 0.1373
2059 2340.307 1 0 0.1400
2060 2341.245 1 0 0.1374
2061 2342.183 1 0 0.1414
2062 2343.123 1 2 0.1946
2063 2344.063 1 0 0.1337
2064 2345.003 1 0 0.1434
2065 2345.945 1 0 0.1336
2066 2346.887 1 0 0.1352
2067 2347.831 1 0 0.1335
2068 2348.774 1 0 0.1310
2069 2349.719 1 0 0.1398
2070 2350.665 1 0 0.1367
2071 2351.611 1 0 0.1415
2072 2352.558 1 2 0.1900
2073 2353.506 1 0 0.1313
2074 2354.454 1 0 0.1340
2075 2355.404 1 0 0.1348
2076 2356.354 1 0 0.1332
2077 2357.305 1 0 0.1351
2078 2358.257 1 0 0.1373
2079 2359.209 1 0 0.1370
2080 2360.162 1 0 0.1357
2081 2361.116 1 0 0.1393
2082 2362.071 1 0 0.1397
2083 2363.027 1 0 0.1378
2084 2363.983 1 0 0.1414
2085 2364.941 1 1 0.1829
2086 2365.899 1 1 0.1790
2087 2366.858 1 0 0.1343
2088 2367.817 1 2 0.1953
2089 2368.778 1 0 0.1407
2090 2369.739 1 0 0.1366
2091 2370.701 1 1 0.1814
2092 2371.664 1 0 0.1348
2093 2372.627 1 0 0.1345
2094 2373.592 1 0 0.1372
2095 2374.557 1 0 0.1353
2096 2375.523 1 0 0.1373
2097 2376.490 1 0 0.1327
2098 2377.457 1 0 0.1348
2099 2378.426 1 1 0.1799
2100 2379.395 1 1 0.1846
2101 2380.365 1 0 0.1448
2102 2381.336 1 2 0.2013
2103 2382.307 1 0 0.1376
2104 2383.280 1 0 0.1382
2105 2384.253 1 0 0.1383
2106 2385.227 1 0 0.1417
2107 2386.202 1 1 0.1847
2108 2387.177 1 1 0.1862
2109 2388.154 1 0 0.1405
2110 2389.131 1 0 0.1447
2111 2390.109 1 0 0.1441
2112 2391.088 1 0 0.1442
2113 2392.068 1 0 0.1444
2114 2393.048 1 0 0.1473
2115 2394.030 1 0 0.1427
2116 2395.012 1 0 0.1466
2117 2395.995 1 0 0.1513
2118 2396.979 1 0 0.1510
2119 2397.963 1 0 0.1532
2120 2398.949 1 0 0.1552
2121 2399.935 1 0 0.1499
2122 2400.922 1 0 0.1527
2123 2401.910 1 2 0.2211
2124 2402.899 1 0 0.1500
2125 2403.888 1 0 0.1508
2126 2404.879 1 0 0.1512
2127 2405.870 1 0 0.1519
2128 2406.862 1 0 0.1505
2129 2407.855 1 1 0.1995
2130 2408.849 1 0 0.1529
2131 2409.843 1 1 0.1992
2132 2410.839 1 0 0.1567
2133 2411.835 1 0 0.1559
2134 2412.832 1 0 0.1567
2135 2413.830 1 0 0.1561
2136 2414.828 1 0 0.1584
2137 2415.828 1 0 0.1610
2138 2416.828 1 0 0.1592
2139 2417.830 1 1 0.2175
2140 2418.832 1 0 0.1682
2141 2419.835 1 0 0.1666
2142 2420.838 1 2 0.2451
2143 2421.843 1 1 0.2190
2144 2422.848 1 0 0.1721
2145 2446.194 1 0 0.1777
2146 2447.219 1 0 0.1775
2147 2448.244 1 0 0.1853
2148 2449.270 1 0 0.1760
2149 2450.297 1 0 0.1836
2150 2451.325 1 0 0.1826
2151 2452.354 3 0 9.9999
2152 2453.383 1 0 0.1867
2153 2454.414 1 0 0.2145
2154 2455.445 1 2 0.2694
2155 2456.477 1 0 0.1884
2156 2457.510 1 0 0.1999
2157 2458.544 1 0 0.1892
2158 2459.578 1 0 0.1933
2159 2460.614 1 0 0.1848
2160 2461.650 1 0 0.2148
2161 2462.687 1 1 0.2644
2162 2463.725 1 0 0.1896
2163 2464.764 1 0 0.1870
2164 2465.804 1 0 0.1888
2165 2466.844 1 0 0.2020
2166 2467.886 1 0 0.1901
2167 2468.928 1 0 0.1992
2168 2469.971 1 1 0.2514
2169 2471.015 1 0 0.1925
2170 2472.060 1 0 0.1927
2171 2473.106 1 1 0.2722
2172 2474.153 1 2 0.2694
2173 2475.200 1 0 0.1954
2174 2476.249 1 0 0.2037
2175 2477.298 1 0 0.2001
2176 2478.348 1 0 0.2076
2177 2479.399 1 0 0.2060
2178 2480.451 1 0 0.2042
2179 2481.503 1 0 0.2091
2180 2482.557 1 0 0.2102
2181 2483.611 1 2 0.2801
2182 2484.667 1 0 0.2113
2183 2485.723 1 0 0.2162
2184 2486.780 1 2 0.2995
2185 2487.838 1 0 0.2216
2186 2488.897 1 2 0.2957
2187 2489.956 1 0 0.2245
2188 2491.017 1 0 0.2229
2189 2492.078 1 0 0.2252
2190 2493.141 1 1 0.3108
2191 2494.204 1 0 0.2257
2192 2495.268 1 0 0.2398
2193 2496.333 1 0 0.2339
2194 2497.399 1 0 0.2350
2195 2498.465 1 0 0.2463
2196 2499.533 1 0 0.2403
2197 2500.601 1 0 0.2415
2198 2501.671 1 0 0.2435
2199 2502.741 1 0 0.2482
2200 2503.812 1 0 0.2573
2201 2504.884 1 0 0.2590
2202 2505.957 1 0 0.2699
2203 2507.031 1 1 0.3539
2204 2508.106 1 0 0.2607
2205 2509.182 1 0 0.2651
2206 2510.258 1 0 0.2622
2207 2511.335 1 0 0.2759
2208 2512.414 1 0 0.2819
2209 2513.493 1 0 0.2946
2210 2514.573 1 0 0.2771
2211 2515.654 1 0 0.2801
2212 2516.736 1 0 0.2902
2213 2517.819 1 0 0.2895
2214 2518.903 1 0 0.2942
2215 2519.987 1 0 0.2961
2216 2521.073 1 1 0.3981
2217 2522.159 1 0 0.3088
2218 2523.247 1 0 0.3070
2219 2524.335 1 0 0.3130
2220 2525.424 1 0 0.3222
2221 2526.514 1 0 0.3185
2222 2527.605 1 0 0.3237
2223 2528.697 1 0 0.3317
2224 2529.790 1 0 0.3364
2225 2530.883 1 0 0.3434
2226 2531.978 1 0 0.3380
2227 2533.074 1 0 0.3552
2228 2534.170 1 0 0.3592
2229 2535.267 1 0 0.3580
2230 2536.366 1 0 0.3708
2231 2537.465 1 0 0.3617
2232 2538.565 1 2 0.5101
2233 2539.666 1 0 0.3888
2234 2540.768 1 0 0.3879
2235 2541.871 1 0 0.4166
2236 2542.975 1 0 0.4063
2237 2544.080 1 0 0.4068
2238 2545.185 2 1 0.5472
2239 2546.292 1 1 0.5816
2240 2547.399 1 0 0.4276
2241 2548.508 1 1 0.5817
2242 2549.617 1 1 0.6074
2243 2550.728 4 1 9.9999
2244 2551.839 1 0 0.5124
2245 2552.951 1 0 0.4482
2246 2554.064 1 0 0.4514
2247 2555.178 1 0 0.4902
2248 2556.293 1 0 0.4749
2249 2557.409 1 0 0.4751
2250 2558.526 1 0 0.4776
2251 2559.644 1 0 0.4856
2252 2560.763 1 0 0.5016
2253 2561.882 1 0 0.5211
2254 2563.003 2 0 0.6896
2255 2564.125 2 0 1.1302
2256 2565.247 3 0 9.9999
2257 2566.371 3 2 9.9999
2258 2567.495 4 0 9.9999
2259 2568.620 4 1 9.9999
2260 2569.747 4 0 9.9999
2261 2541.899 4 0 9.9999
2262 2542.904 4 0 9.9999
2263 2543.909 3 2 9.9999
2264 2544.916 2 0 9.9999
2265 2545.923 2 2 1.2141
2266 2546.931 2 0 0.5730
2267 2547.939 2 0 0.4025
2268 2548.949 2 0 0.3513
2269 2549.959 2 0 0.3585
2270 2550.971 2 0 0.3428
2271 2551.983 2 0 0.3343
2272 2552.995 2 0 0.3392
2273 2554.009 1 0 0.3423
2274 2555.024 1 0 0.3428
2275 2556.039 1 0 0.3382
2276 2557.055 1 0 0.3410
2277 2558.072 1 0 0.3464
2278 2559.090 1 0 0.3413
2279 2560.109 1 1 0.4414
2280 2561.128 1 0 0.3403
2281 2562.149 1 0 0.3300
2282 2563.170 1 0 0.3206
2283 2564.192 1 2 0.4697
2284 2565.215 1 0 0.3188
2285 2566.238 1 0 0.3318
2286 2567.263 1 0 0.3197
2287 2568.288 1 0 0.3206
2288 2569.315 1 0 0.4911
2289 2570.342 1 0 0.3265
2290 2571.370 1 0 0.3263
2291 2572.398 1 0 0.3229
2292 2573.428 1 0 0.3235
2293 2574.458 1 0 0.3181
2294 2575.490 1 0 0.3215
2295 2576.522 1 0 0.3233
2296 2577.555 1 0 0.3243
2297 2578.589 1 0 0.3190
2298 2579.624 1 0 0.3100
2299 2580.659 1 0 0.3134
2300 2581.696 1 0 0.3129
2301 2582.733 1 0 0.3233
2302 2583.771 1 0 0.3241
2303 2584.810 1 2 0.4205
2304 2585.850 1 0 0.3051
2305 2586.891 1 0 0.3224
2306 2587.932 1 0 0.3183
2307 2588.975 1 2 0.4288
2308 2590.018 1 2 0.4313
2309 2591.062 1 0 0.3128
2310 2592.107 1 0 0.3131
2311 2593.153 1 0 0.3138
2312 2594.200 1 0 0.3037
2313 2595.247 1 0 0.3111
2314 2596.296 1 0 0.3147
2315 2597.345 1 0 0.3124
2316 2598.395 1 1 0.4103
2317 2599.446 1 0 0.3113
2318 2600.498 1 0 0.3148
2319 2601.551 1 0 0.3097
2320 2602.605 1 0 0.3121
2321 2603.659 1 0 0.3088
2322 2604.715 1 0 0.3084
2323 2605.771 1 0 0.3167
2324 2606.828 1 0 0.3181
2325 2607.886 1 0 0.3497
2326 2608.945 1 0 0.3178
2327 2610.005 1 1 0.4022
2328 2611.066 1 0 0.3201
2329 2612.127 1 0 0.3140
2330 2613.190 1 0 0.3107
2331 2614.253 1 0 0.3140
2332 2615.317 1 0 0.3087
2333 2616.383 1 0 0.3092
2334 2617.449 1 0 0.3159
2335 2618.515 1 0 0.3090
2336 2619.583 1 0 0.3127
2337 2620.652 1 0 0.3070
2338 2621.721 1 0 0.3153
2339 2622.792 1 0 0.3150
2340 2623.863 1 0 0.3148
2341 2624.935 1 0 0.3098
2342 2626.009 1 0 0.3161
2343 2627.083 1 0 0.3155
2344 2628.157 1 0 0.3277
2345 2629.233 1 0 0.3168
2346 2630.310 1 0 0.3120
2347 2631.388 1 1 0.4000
2348 2632.466 1 0 0.3129
2349 2633.545 1 0 0.3051
2350 2634.626 1 0 0.3217
2351 2635.707 1 0 0.3154
2352 2636.789 1 0 0.3151
2353 2637.872 1 0 0.3314
2354 2638.956 1 1 0.4335
2355 2640.041 1 0 0.3215
2356 2641.126 1 1 0.4188
2357 2642.213 1 0 6.9839
2358 2643.301 1 0 0.3208
2359 2644.389 3 2 9.9999
2360 2645.478 1 0 0.3285
2361 2646.569 1 1 0.4425
2362 2647.660 1 2 0.4806
2363 2648.752 1 0 0.3458
2364 2649.845 1 2 0.4963
2365 2650.939 1 0 0.3603
2366 2652.034 1 1 0.4626
2367 2653.129 1 0 0.3771
2368 2654.226 1 2 0.5286
2369 2655.324 1 2 0.5059
2370 2656.422 1 0 0.3509
2371 2657.522 1 0 0.3703
2372 2658.622 1 0 0.3674
2373 2659.723 1 0 0.3766
2374 2660.825 1 0 0.3695
2375 2661.929 1 1 1.0595
2376 2663.033 1 0 0.3821
2377 2664.138 1 0 0.3873
2378 2665.244 1 2 0.5305
