    1100.000    
    1070.917    
    1042.232    
    1013.948    
    986.0666    
    958.5911    
    931.5236    
    904.8659    
    878.6201    
    852.7880    
    827.3713    
    802.3714    
    777.7897    
    753.6275    
    729.8857    
    706.5654    
    683.6673    
    661.1920    
    639.1398    
    617.5112    
    596.3062    
    575.5248    
    555.1669    
    535.2322    
    515.7200    
    496.6298    
    477.9607    
    459.7118    
    441.8819    
    424.4698    
    407.4738    
    390.8926    
    374.7241    
    358.9665    
    343.6176    
    328.6753    
    314.1369    
    300.0000    
    286.2617    
    272.9191    
    259.9691    
    247.4085    
    235.2338    
    223.4415    
    212.0277    
    200.9887    
    190.3203    
    180.0183    
    170.0784    
    160.4959    
    151.2664    
    142.3848    
    133.8462    
    125.6456    
    117.7775    
    110.2366    
    103.0172    
    96.11380    
    89.52040    
    83.23100    
    77.23960    
    71.53980    
    66.12530    
    60.98950    
    56.12600    
    51.52780    
    47.18820    
    43.10010    
    39.25660    
    35.65050    
    32.27440    
    29.12100    
    26.18290    
    23.45260    
    20.92240    
    18.58470    
    16.43180    
    14.45590    
    12.64920    
    11.00380    
    9.511900    
    8.165500    
    6.956700    
    5.877600    
    4.920400    
    4.077000    
    3.339800    
    2.700900    
    2.152600    
    1.687200    
    1.297200    
   0.9753000    
   0.7140000    
   0.5064000    
   0.3454000    
   0.2244000    
   0.1370000    
   7.6899998E-02
   3.8400002E-02
   1.6100001E-02
   4.9999999E-03
